1701618574286 0.06379055383 0
1701618574288 0.1240017769 1
1701618574290 0.1814644936 2
1701618574292 0.2319198336 3
1701618574294 0.2779037878 4
1701618574297 0.3209580285 5
1701618574300 0.3575676056 6
1701618574302 0.393678225 7
1701618574305 0.4232783641 8
1701618574307 0.4572053413 9
1701618574309 0.4866432706 10
1701618574311 0.5155350855 11
1701618574314 0.5409754689 12
1701618574317 0.5595103389 13
1701618574320 0.5767125936 14
1701618574322 0.5965602604 15
1701618574324 0.6130706942 16
1701618574326 0.6312432832 17
1701618574329 0.6470485126 18
1701618574331 0.6616108157 19
1701618574334 0.675429253 20
1701618574337 0.6882667497 21
1701618574339 0.6993322728 22
1701618574341 0.7101041669 23
1701618574344 0.719797441 24
1701618574346 0.7295056238 25
1701618574348 0.738620176 26
1701618574351 0.7472751067 27
1701618574353 0.7541770538 28
1701618574356 0.761729246 29
1701618574358 0.7682626931 30
1701618574360 0.7748142408 31
1701618574362 0.7830476669 32
1701618574365 0.7885408728 33
1701618574368 0.7949195185 34
1701618574371 0.8006138398 35
1701618574373 0.805468158 36
1701618574375 0.8107898586 37
1701618574377 0.8139493315 38
1701618574380 0.8184242752 39
1701618574383 0.8214408498 40
1701618574385 0.8235337247 41
1701618574388 0.8247663754 42
1701618574390 0.8293039145 43
1701618574392 0.8314255971 44
1701618574394 0.8342846076 45
1701618574397 0.8368792099 46
1701618574400 0.8384551893 47
1701618574402 0.8413624593 48
1701618574404 0.8423763363 49
1701618574406 0.8468012717 50
1701618574408 0.8493302376 51
1701618574410 0.8518732031 52
1701618574413 0.8526668239 53
1701618574416 0.8569444508 54
1701618574418 0.8584158543 55
1701618574421 0.8604944299 56
1701618574423 0.8614607196 57
1701618574425 0.8635114243 58
1701618574427 0.8652080584 59
1701618574429 0.8658791842 60
1701618574432 0.8664449654 61
1701618574435 0.8674379753 62
1701618574437 0.8681575665 63
1701618574439 0.8695402486 64
1701618574441 0.8700323699 65
1701618574444 0.8705773316 66
1701618574446 0.8728537325 67
1701618574448 0.8732803837 68
1701618574451 0.874477853 69
1701618574454 0.8749178221 70
1701618574456 0.8753569233 71
1701618574458 0.8759626244 72
1701618574460 0.8763848989 73
1701618574462 0.8790905219 74
1701618574464 0.8802607132 75
1701618574467 0.8817230692 76
1701618574470 0.8825171309 77
1701618574472 0.8828138131 78
1701618574474 0.8830200118 79
1701618574476 0.8832805811 80
1701618574479 0.8835169679 81
1701618574481 0.8863063253 82
1701618574484 0.8864818967 83
1701618574486 0.8867364783 84
1701618574488 0.8869048498 85
1701618574491 0.8883124041 86
1701618574494 0.8891303136 87
1701618574497 0.890054575 88
1701618574501 0.8906083746 89
1701618574503 0.8909609729 90
1701618574506 0.8926498355 91
1701618574509 0.8932883587 92
1701618574512 0.8935660247 93
1701618574514 0.8947592135 94
1701618574518 0.8960052965 95
1701618574520 0.8972528336 96
1701618574522 0.8985982686 97
1701618574525 0.8989337869 98
1701618574528 0.8997133751 99
1701618574531 0.9008177745 100
1701618574534 0.9010018049 101
1701618574537 0.9017737099 102
1701618574539 0.9027371181 103
1701618574542 0.9029803895 104
1701618574545 0.9045413708 105
1701618574547 0.905237267 106
1701618574551 0.9055657118 107
1701618574553 0.9059097137 108
1701618574556 0.9073954419 109
1701618574558 0.9081338071 110
1701618574561 0.9085687177 111
1701618574564 0.9096548171 112
1701618574568 0.9103796461 113
1701618574571 0.9110253126 114
1701618574573 0.9116564208 115
1701618574576 0.9120960875 116
1701618574579 0.9126626808 117
1701618574583 0.9136492779 118
1701618574586 0.9147295193 119
1701618574589 0.9157798668 120
1701618574592 0.9160459604 121
1701618574595 0.9166920509 122
1701618574598 0.9168230237 123
1701618574602 0.9169313976 124
1701618574604 0.9179257991 125
1701618574606 0.9180440049 126
1701618574609 0.9185893257 127
1701618574612 0.9188710761 128
1701618574614 0.9194412009 129
1701618574617 0.9195792488 130
1701618574620 0.9198259024 131
1701618574623 0.9209016829 132
1701618574625 0.9213478562 133
1701618574628 0.9217328936 134
1701618574631 0.9220867858 135
1701618574634 0.9228041263 136
1701618574637 0.9229674782 137
1701618574639 0.9233548804 138
1701618574641 0.9238162843 139
1701618574644 0.9242657555 140
1701618574647 0.9250763205 141
1701618574650 0.9252086085 142
1701618574653 0.9261892118 143
1701618574656 0.9267542007 144
1701618574658 0.9268658277 145
1701618574661 0.9273391634 146
1701618574664 0.9281595121 147
1701618574667 0.9284040237 148
1701618574670 0.9289540408 149
1701618574672 0.9296194561 150
1701618574675 0.9296742783 151
1701618574677 0.9297401569 152
1701618574680 0.9300615144 153
1701618574683 0.9305934602 154
1701618574686 0.9309252072 155
1701618574688 0.9314431236 156
1701618574690 0.9316934246 157
1701618574692 0.9319170337 158
1701618574695 0.9321368674 159
1701618574697 0.9323076613 160
1701618574700 0.9328557469 161
1701618574702 0.9330720217 162
1701618574704 0.9335481509 163
1701618574706 0.9338789452 164
1701618574710 0.9341939381 165
1701618574713 0.9344840344 166
1701618574716 0.9347779889 167
1701618574719 0.9351275371 168
1701618574722 0.9355068263 169
1701618574724 0.9358460098 170
1701618574727 0.9360684609 171
1701618574730 0.9364110411 172
1701618574734 0.9365612774 173
1701618574736 0.9371521701 174
1701618574738 0.9374921426 175
1701618574741 0.9376967384 176
1701618574744 0.9380382993 177
1701618574746 0.9383392869 178
1701618574750 0.9385387124 179
1701618574752 0.9386866915 180
1701618574754 0.9390829337 181
1701618574756 0.9393735521 182
1701618574759 0.9395349692 183
1701618574762 0.9395824017 184
1701618574765 0.939875375 185
1701618574768 0.9402158859 186
1701618574770 0.9406468573 187
1701618574773 0.9408102692 188
1701618574775 0.941099355 189
1701618574778 0.9413447329 190
1701618574781 0.9414628767 191
1701618574784 0.9417571141 192
1701618574786 0.9421377695 193
1701618574789 0.9424815199 194
1701618574792 0.9427511135 195
1701618574795 0.942957893 196
1701618574797 0.9430789365 197
1701618574800 0.9431715157 198
1701618574803 0.9432761143 199
1701618574805 0.9433839672 200
1701618574807 0.9435790926 201
1701618574810 0.9437881642 202
1701618574813 0.9439575872 203
1701618574816 0.9442169447 204
1701618574819 0.94454613 205
1701618574822 0.9447457485 206
1701618574824 0.945032829 207
1701618574827 0.9452187395 208
1701618574830 0.9454254483 209
1701618574833 0.9455981105 210
1701618574836 0.9458056901 211
1701618574838 0.9459393384 212
1701618574841 0.9460457454 213
1701618574844 0.9462078705 214
1701618574847 0.9465166209 215
1701618574850 0.9466051928 216
1701618574852 0.9467652165 217
1701618574854 0.946912757 218
1701618574856 0.9471388058 219
1701618574858 0.9475010081 220
1701618574862 0.9476258176 221
1701618574866 0.9477130697 222
1701618574870 0.9479277534 223
1701618574874 0.9481409576 224
1701618574877 0.9482654162 225
1701618574881 0.9485615402 226
1701618574886 0.9486274931 227
1701618574889 0.9487778021 228
1701618574892 0.9489392388 229
1701618574895 0.9491325192 230
1701618574904 0.9493567253 231
1701618574916 0.9496538413 232
1701618574922 0.9497234616 233
1701618574927 0.9498867942 234
1701618574932 0.9499685293 235
1701618574935 0.9501726195 236
1701618574940 0.9503105457 237
1701618574945 0.9504321975 238
1701618574950 0.9506218282 239
1701618574955 0.9508287382 240
1701618574959 0.9510323492 241
1701618574963 0.9512918395 242
1701618574966 0.9515105595 243
1701618574969 0.9517442587 244
1701618574971 0.9518297588 245
1701618574973 0.9518963269 246
1701618574975 0.9520427269 247
1701618574978 0.9521771326 248
1701618574981 0.9522304353 249
1701618574984 0.9524635536 250
1701618574987 0.9526650188 251
1701618574989 0.9529583952 252
1701618574991 0.9531314456 253
1701618574994 0.9532637272 254
1701618574997 0.9534090334 255
1701618575001 0.9535605912 256
1701618575003 0.9536813708 257
1701618575007 0.9538567893 258
1701618575010 0.9540077985 259
1701618575015 0.9541600564 260
1701618575018 0.9543379663 261
1701618575020 0.9544606901 262
1701618575023 0.9545509318 263
1701618575025 0.9547615415 264
1701618575028 0.9548388715 265
1701618575031 0.9549485211 266
1701618575034 0.955074786 267
1701618575036 0.9552338255 268
1701618575038 0.9554202619 269
1701618575040 0.9556619985 270
1701618575043 0.9558258375 271
1701618575046 0.9560057523 272
1701618575049 0.9561690622 273
1701618575052 0.9562518776 274
1701618575055 0.9563927361 275
1701618575057 0.9565472941 276
1701618575059 0.9567031728 277
1701618575062 0.9567895092 278
1701618575065 0.9569220843 279
1701618575068 0.9570488675 280
1701618575070 0.9571446739 281
1701618575073 0.9573184557 282
1701618575075 0.9574658529 283
1701618575078 0.9576292308 284
1701618575080 0.9577703031 285
1701618575083 0.9578702728 286
1701618575086 0.9579629492 287
1701618575088 0.9581094493 288
1701618575090 0.9582346455 289
1701618575092 0.9583210754 290
1701618575094 0.9584274271 291
1701618575097 0.9585652726 292
1701618575100 0.9587143571 293
1701618575102 0.9588890042 294
1701618575105 0.9589824517 295
1701618575107 0.9591087907 296
1701618575109 0.9592222452 297
1701618575111 0.9593472194 298
1701618575113 0.9594531033 299
1701618575116 0.9596105903 300
1701618575119 0.9596548515 301
1701618575121 0.9597794504 302
1701618575123 0.9598451264 303
1701618575126 0.9600468834 304
1701618575128 0.960135619 305
1701618575131 0.9602358472 306
1701618575134 0.9602786379 307
1701618575137 0.9603340719 308
1701618575141 0.9604351886 309
1701618575145 0.9605331399 310
1701618575149 0.9606575623 311
1701618575152 0.9607741266 312
1701618575154 0.9608971527 313
1701618575156 0.9609558478 314
1701618575158 0.9610809833 315
1701618575161 0.9611914859 316
1701618575163 0.9612889362 317
1701618575166 0.9614779123 318
1701618575169 0.9615525845 319
1701618575171 0.9616964849 320
1701618575173 0.9618148818 321
1701618575175 0.9618872292 322
1701618575178 0.9620475847 323
1701618575181 0.9621778339 324
1701618575184 0.9622718502 325
1701618575186 0.9623555278 326
1701618575188 0.9624499847 327
1701618575190 0.9625641618 328
1701618575193 0.9626759512 329
1701618575195 0.9627851965 330
1701618575197 0.9628489866 331
1701618575200 0.9628824291 332
1701618575203 0.9630111084 333
1701618575205 0.9630927125 334
1701618575207 0.9631795466 335
1701618575210 0.9632487827 336
1701618575212 0.963310507 337
1701618575215 0.9633707168 338
1701618575217 0.9634654375 339
1701618575219 0.9635289404 340
1701618575222 0.9636219107 341
1701618575224 0.9637429694 342
1701618575226 0.9638352619 343
1701618575228 0.9639624558 344
1701618575231 0.9640433125 345
1701618575234 0.9641325658 346
1701618575236 0.9642553739 347
1701618575238 0.9644310169 348
1701618575240 0.9645687474 349
1701618575242 0.9646281259 350
1701618575244 0.9646643657 351
1701618575247 0.9647357507 352
1701618575250 0.9648833311 353
1701618575252 0.9649817478 354
1701618575254 0.9650733011 355
1701618575257 0.9651656147 356
1701618575259 0.9652560235 357
1701618575261 0.9653299008 358
1701618575263 0.9654069283 359
1701618575266 0.965526806 360
1701618575269 0.9655774226 361
1701618575271 0.965689833 362
1701618575273 0.9657768364 363
1701618575275 0.9658928515 364
1701618575278 0.9659802896 365
1701618575281 0.9660459975 366
1701618575284 0.9661184466 367
1701618575286 0.9662426967 368
1701618575288 0.9662723287 369
1701618575290 0.966367143 370
1701618575293 0.9664671184 371
1701618575295 0.9665512733 372
1701618575298 0.9666288357 373
1701618575301 0.9667159681 374
1701618575303 0.9668166653 375
1701618575305 0.9668812934 376
1701618575307 0.9669380583 377
1701618575310 0.9669848943 378
1701618575312 0.9671084536 379
1701618575315 0.9671842585 380
1701618575317 0.967268578 381
1701618575320 0.9673408308 382
1701618575322 0.967427608 383
1701618575324 0.9674697937 384
1701618575326 0.9675674099 385
1701618575328 0.9676652885 386
1701618575331 0.9677704111 387
1701618575334 0.9678219792 388
1701618575336 0.9678620908 389
1701618575338 0.9678923977 390
1701618575340 0.9679769421 391
1701618575342 0.9680954268 392
1701618575345 0.9682003907 393
1701618575347 0.9682268541 394
1701618575350 0.9683184613 395
1701618575352 0.9683862851 396
1701618575355 0.9685065226 397
1701618575357 0.9685886685 398
1701618575359 0.9686896793 399
1701618575361 0.9687262095 400
1701618575364 0.9687446818 401
1701618575367 0.9688163238 402
1701618575369 0.9689288451 403
1701618575371 0.9689955311 404
1701618575373 0.9690427562 405
1701618575375 0.9690904605 406
1701618575378 0.9691301048 407
1701618575381 0.9692460592 408
1701618575383 0.9692946842 409
1701618575386 0.9693601138 410
1701618575388 0.9694161148 411
1701618575390 0.9695075367 412
1701618575392 0.969591815 413
1701618575394 0.9696475398 414
1701618575397 0.9696614312 415
1701618575400 0.9697465804 416
1701618575402 0.9698463331 417
1701618575404 0.969910429 418
1701618575407 0.9700086727 419
1701618575409 0.9700981722 420
1701618575411 0.9701489503 421
1701618575414 0.9702258674 422
1701618575416 0.9703044625 423
1701618575419 0.9703520352 424
1701618575421 0.9704507888 425
1701618575423 0.9705196474 426
1701618575426 0.9705471761 427
1701618575429 0.9706191567 428
1701618575432 0.9706488654 429
1701618575434 0.9706961469 430
1701618575437 0.9707535536 431
1701618575439 0.9708292662 432
1701618575441 0.9708343635 433
1701618575443 0.9709101285 434
1701618575445 0.9710045856 435
1701618575448 0.9710564772 436
1701618575450 0.9710861813 437
1701618575453 0.9711568388 438
1701618575455 0.9711919182 439
1701618575457 0.9713094336 440
1701618575459 0.9713706893 441
1701618575462 0.9714507881 442
1701618575465 0.9715157433 443
1701618575467 0.9716140423 444
1701618575469 0.9716968432 445
1701618575472 0.971766663 446
1701618575474 0.9717935713 447
1701618575477 0.9718537045 448
1701618575479 0.9719393093 449
1701618575482 0.9720420664 450
1701618575484 0.9720780065 451
1701618575486 0.9720901112 452
1701618575488 0.9721572608 453
1701618575490 0.9721895511 454
1701618575492 0.9722807517 455
1701618575495 0.9723639285 456
1701618575497 0.9723823009 457
1701618575500 0.9724712685 458
1701618575502 0.9725166867 459
1701618575505 0.9725226334 460
1701618575507 0.9725283386 461
1701618575509 0.9725665539 462
1701618575511 0.9726224909 463
1701618575514 0.972642398 464
1701618575517 0.9727344231 465
1701618575519 0.9727875782 466
1701618575521 0.9728592746 467
1701618575523 0.9728765937 468
1701618575525 0.9729183006 469
1701618575528 0.9729575983 470
1701618575531 0.9730004463 471
1701618575534 0.973045074 472
1701618575536 0.9730794899 473
1701618575538 0.9730849284 474
1701618575540 0.9731348835 475
1701618575543 0.9731804542 476
1701618575545 0.9732614645 477
1701618575547 0.9732977551 478
1701618575550 0.9733568579 479
1701618575553 0.9733854563 480
1701618575555 0.9734229786 481
1701618575557 0.9734653418 482
1701618575559 0.9734947549 483
1701618575561 0.9735741602 484
1701618575563 0.9736264728 485
1701618575566 0.9736841084 486
1701618575569 0.9737338141 487
1701618575571 0.9737853347 488
1701618575573 0.9738604704 489
1701618575576 0.9739188792 490
1701618575578 0.973952795 491
1701618575581 0.9739889559 492
1701618575584 0.9740840028 493
1701618575586 0.974091599 494
1701618575588 0.9741748229 495
1701618575590 0.9741985994 496
1701618575592 0.9742483559 497
1701618575595 0.9742978949 498
1701618575597 0.9743028333 499
1701618575600 0.9743696534 500
1701618575603 0.9744354976 501
1701618575605 0.9745068321 502
1701618575607 0.9745115091 503
1701618575609 0.9745418227 504
1701618575611 0.9746146378 505
1701618575613 0.9746816275 506
1701618575616 0.9746857856 507
1701618575619 0.9747510346 508
1701618575621 0.9748279709 509
1701618575623 0.9748802985 510
1701618575625 0.9749277528 511
1701618575627 0.9749307407 512
1701618575630 0.9750037309 513
1701618575633 0.97502186 514
1701618575635 0.9750761696 515
1701618575637 0.9751429786 516
1701618575640 0.9751735017 517
1701618575642 0.9752153168 518
1701618575645 0.975230206 519
1701618575648 0.9752868148 520
1701618575650 0.9753327478 521
1701618575653 0.9753804497 522
1701618575655 0.9754101236 523
1701618575657 0.9754489183 524
1701618575659 0.975493388 525
1701618575662 0.9755627255 526
1701618575664 0.9755987225 527
1701618575667 0.9756024667 528
1701618575669 0.9756655099 529
1701618575671 0.9757250608 530
1701618575674 0.9758289134 531
1701618575676 0.9758674111 532
1701618575678 0.9759140466 533
1701618575681 0.9759183895 534
1701618575684 0.9759821771 535
1701618575686 0.9760372383 536
1701618575688 0.976071819 537
1701618575690 0.976118276 538
1701618575692 0.9761607433 539
1701618575695 0.9762165522 540
1701618575697 0.9763019641 541
1701618575700 0.9763174279 542
1701618575702 0.9763299432 543
1701618575704 0.9763593243 544
1701618575707 0.9764010829 545
1701618575709 0.9764505211 546
1701618575711 0.9765120394 547
1701618575713 0.9765862643 548
1701618575716 0.9766187974 549
1701618575718 0.9766285232 550
1701618575721 0.9766770641 551
1701618575723 0.9767330555 552
1701618575725 0.9767408415 553
1701618575727 0.9767441628 554
1701618575729 0.9768101078 555
1701618575733 0.9768491746 556
1701618575735 0.9768952895 557
1701618575737 0.9769288839 558
1701618575739 0.976946331 559
1701618575741 0.9770186724 560
1701618575743 0.9770742012 561
1701618575746 0.9771382346 562
1701618575749 0.9771880497 563
1701618575751 0.9772468752 564
1701618575753 0.9773074189 565
1701618575755 0.9773400747 566
1701618575757 0.9773731884 567
1701618575759 0.9774128011 568
1701618575762 0.9774752852 569
1701618575765 0.9774895787 570
1701618575768 0.9775280292 571
1701618575770 0.9775967921 572
1701618575772 0.9776098137 573
1701618575774 0.9776384277 574
1701618575777 0.9776621313 575
1701618575779 0.9777101989 576
1701618575782 0.9777723533 577
1701618575784 0.9778120513 578
1701618575787 0.9778333157 579
1701618575789 0.9778709855 580
1701618575791 0.9779103282 581
1701618575793 0.9779840706 582
1701618575795 0.9780466071 583
1701618575798 0.9780638969 584
1701618575801 0.978108174 585
1701618575803 0.9781699068 586
1701618575805 0.9782029778 587
1701618575807 0.978241188 588
1701618575809 0.9782820007 589
1701618575812 0.9783242054 590
1701618575815 0.9783375124 591
1701618575817 0.9784042714 592
1701618575819 0.9784414092 593
1701618575821 0.9784877722 594
1701618575824 0.978498202 595
1701618575826 0.9785011145 596
1701618575828 0.9785188393 597
1701618575831 0.978576983 598
1701618575834 0.9786175125 599
1701618575836 0.9786643895 600
1701618575838 0.9787171158 601
1701618575841 0.9787570447 602
1701618575843 0.9787962961 603
1701618575845 0.9788373761 604
1701618575848 0.9788681124 605
1701618575850 0.9788955588 606
1701618575853 0.9789329045 607
1701618575855 0.9789864678 608
1701618575857 0.9790347605 609
1701618575859 0.9790640332 610
1701618575862 0.9791098856 611
1701618575864 0.9791460949 612
1701618575867 0.9791909311 613
1701618575869 0.9792442181 614
1701618575871 0.9792722706 615
1701618575874 0.9793137924 616
1701618575876 0.9793475623 617
1701618575878 0.9793999742 618
1701618575881 0.9794577725 619
1701618575884 0.979524427 620
1701618575886 0.9795346441 621
1701618575888 0.9795839614 622
1701618575890 0.9796125407 623
1701618575892 0.9796427051 624
1701618575895 0.9796922947 625
1701618575898 0.9797136456 626
1701618575901 0.9797506572 627
1701618575905 0.9797852903 628
1701618575908 0.9798250499 629
1701618575910 0.9798663211 630
1701618575914 0.979907547 631
1701618575917 0.979951093 632
1701618575920 0.9799880138 633
1701618575922 0.9800072398 634
1701618575925 0.980058485 635
1701618575928 0.9801014513 636
1701618575931 0.9801618574 637
1701618575934 0.9801762145 638
1701618575936 0.9801869471 639
1701618575939 0.9802396837 640
1701618575941 0.9802816294 641
1701618575943 0.9803187976 642
1701618575946 0.9803517595 643
1701618575950 0.980391426 644
1701618575952 0.9804182538 645
1701618575955 0.980472113 646
1701618575958 0.9804922105 647
1701618575962 0.9805476293 648
1701618575965 0.980610875 649
1701618575968 0.980618732 650
1701618575970 0.9806535659 651
1701618575972 0.9806794625 652
1701618575975 0.9807179912 653
1701618575977 0.980729209 654
1701618575980 0.980759544 655
1701618575982 0.9808036332 656
1701618575985 0.9808530178 657
1701618575987 0.9808722687 658
1701618575990 0.9809002327 659
1701618575992 0.9809277189 660
1701618575994 0.9809776428 661
1701618575997 0.9810289326 662
1701618576000 0.9810887623 663
1701618576002 0.9810985643 664
1701618576004 0.9811384134 665
1701618576006 0.9811513506 666
1701618576009 0.9811786803 667
1701618576011 0.9812114895 668
1701618576014 0.9812501545 669
1701618576017 0.9812785504 670
1701618576019 0.9813142364 671
1701618576021 0.9813349489 672
1701618576023 0.981371329 673
1701618576025 0.9814106452 674
1701618576027 0.9814323365 675
1701618576030 0.9814534291 676
1701618576033 0.9814743749 677
1701618576035 0.9815239252 678
1701618576037 0.9815904012 679
1701618576039 0.9816223632 680
1701618576042 0.9816588178 681
1701618576044 0.9816998671 682
1701618576047 0.98173022 683
1701618576049 0.9817533337 684
1701618576052 0.9817947655 685
1701618576054 0.9818261028 686
1701618576056 0.9818303431 687
1701618576058 0.9818600472 688
1701618576060 0.9818867647 689
1701618576063 0.981912798 690
1701618576066 0.9819441706 691
1701618576068 0.9819839157 692
1701618576070 0.9820319985 693
1701618576073 0.9820466227 694
1701618576075 0.9820947032 695
1701618576077 0.98212695 696
1701618576081 0.9821346466 697
1701618576083 0.9821817956 698
1701618576085 0.9822152675 699
1701618576087 0.9822406848 700
1701618576089 0.9822718201 701
1701618576092 0.982296034 702
1701618576094 0.9823251881 703
1701618576097 0.9823594692 704
1701618576100 0.9823963339 705
1701618576102 0.9824194007 706
1701618576104 0.9824331947 707
1701618576106 0.982460751 708
1701618576109 0.9824890892 709
1701618576111 0.9825221348 710
1701618576115 0.9825578959 711
1701618576117 0.9825800507 712
1701618576119 0.9826365961 713
1701618576121 0.9826610646 714
1701618576125 0.9826938722 715
1701618576127 0.9827105591 716
1701618576131 0.9827438932 717
1701618576134 0.9827872387 718
1701618576138 0.9828042038 719
1701618576141 0.9828391593 720
1701618576144 0.982858443 721
1701618576148 0.9828915417 722
1701618576150 0.9829568396 723
1701618576153 0.9829899227 724
1701618576155 0.9830179854 725
1701618576157 0.9830331605 726
1701618576160 0.9830523388 727
1701618576165 0.9831007041 728
1701618576169 0.983131848 729
1701618576172 0.9831697772 730
1701618576174 0.9832080951 731
1701618576177 0.9832468286 732
1701618576181 0.9832738114 733
1701618576184 0.9833148723 734
1701618576187 0.983338894 735
1701618576189 0.9833687525 736
1701618576192 0.9833853332 737
1701618576196 0.9834178732 738
1701618576200 0.9834611728 739
1701618576204 0.9834825019 740
1701618576207 0.9835038335 741
1701618576210 0.9835262162 742
1701618576213 0.9835314413 743
1701618576216 0.9835572786 744
1701618576218 0.9835936703 745
1701618576221 0.983618655 746
1701618576223 0.9836499971 747
1701618576225 0.9836730194 748
1701618576229 0.9836988702 749
1701618576232 0.9837327095 750
1701618576236 0.983758476 751
1701618576239 0.9837913696 752
1701618576241 0.9837972554 753
1701618576244 0.983820915 754
1701618576248 0.9838532781 755
1701618576250 0.9838945435 756
1701618576253 0.9839171111 757
1701618576255 0.9839662649 758
1701618576257 0.9839834916 759
1701618576260 0.9839984235 760
1701618576264 0.9840433154 761
1701618576267 0.9840815608 762
1701618576271 0.9841222173 763
1701618576273 0.984172213 764
1701618576276 0.9841778971 765
1701618576280 0.984214357 766
1701618576282 0.9842396731 767
1701618576285 0.9842590116 768
1701618576287 0.9842770628 769
1701618576289 0.9842999049 770
1701618576292 0.9843302377 771
1701618576294 0.9843553514 772
1701618576298 0.9843804177 773
1701618576301 0.9844123276 774
1701618576304 0.9844214676 775
1701618576308 0.9844552374 776
1701618576311 0.9844885452 777
1701618576315 0.9845204544 778
1701618576317 0.9845401072 779
1701618576320 0.9845653494 780
1701618576322 0.9845827219 781
1701618576324 0.9846139365 782
1701618576327 0.9846382994 783
1701618576330 0.9846671782 784
1701618576332 0.984696766 785
1701618576335 0.9847114243 786
1701618576337 0.9847626299 787
1701618576339 0.9847999684 788
1701618576342 0.9848110593 789
1701618576344 0.9848382846 790
1701618576347 0.9848599558 791
1701618576350 0.9848789247 792
1701618576353 0.9849177293 793
1701618576357 0.9849435881 794
1701618576361 0.9849604697 795
1701618576364 0.9849808067 796
1701618576367 0.985000849 797
1701618576370 0.9850134035 798
1701618576371 0.9850499316 799
1701618576374 0.9851020912 800
1701618576376 0.9851343778 801
1701618576378 0.9851405317 802
1701618576382 0.9851712601 803
1701618576384 0.985197033 804
1701618576387 0.9852423596 805
1701618576389 0.9852800389 806
1701618576391 0.9853013208 807
1701618576394 0.9853256335 808
1701618576397 0.9853503446 809
1701618576400 0.9853702052 810
1701618576402 0.9853925273 811
1701618576404 0.9854183893 812
1701618576406 0.9854550498 813
1701618576409 0.9854765971 814
1701618576411 0.9854858274 815
1701618576414 0.9855097181 816
1701618576416 0.9855210238 817
1701618576418 0.9855478665 818
1701618576420 0.9855667003 819
1701618576422 0.9855856234 820
1701618576425 0.9856171428 821
1701618576427 0.9856508287 822
1701618576430 0.9856701353 823
1701618576432 0.9856891237 824
1701618576435 0.985715924 825
1701618576437 0.9857330288 826
1701618576439 0.9857570074 827
1701618576441 0.9857756131 828
1701618576444 0.9858039446 829
1701618576447 0.9858258032 830
1701618576449 0.9858476839 831
1701618576451 0.9858612201 832
1701618576453 0.9858929789 833
1701618576456 0.9859084999 834
1701618576458 0.9859411753 835
1701618576460 0.985961048 836
1701618576463 0.9859921032 837
1701618576465 0.9860089812 838
1701618576468 0.9860330036 839
1701618576470 0.9860404899 840
1701618576472 0.9860606867 841
1701618576474 0.9860825497 842
1701618576476 0.9861070587 843
1701618576478 0.9861279555 844
1701618576481 0.9861560073 845
1701618576484 0.9861657341 846
1701618576486 0.9861827656 847
1701618576488 0.9862045625 848
1701618576490 0.9862282648 849
1701618576493 0.9862598833 850
1701618576495 0.9862718314 851
1701618576498 0.9862965976 852
1701618576500 0.9863256164 853
1701618576502 0.9863507743 854
1701618576504 0.9863792571 855
1701618576506 0.9863978552 856
1701618576508 0.9864183884 857
1701618576511 0.9864430323 858
1701618576514 0.986459666 859
1701618576516 0.9864827805 860
1701618576518 0.986493527 861
1701618576520 0.9865066644 862
1701618576522 0.986515557 863
1701618576524 0.986549565 864
1701618576527 0.9865767164 865
1701618576529 0.986598652 866
1701618576532 0.9866264981 867
1701618576534 0.9866589279 868
1701618576537 0.9866760404 869
1701618576539 0.9867049139 870
1701618576541 0.9867429175 871
1701618576543 0.9867701892 872
1701618576546 0.9867944091 873
1701618576548 0.9868118642 874
1701618576551 0.9868285114 875
1701618576553 0.9868461634 876
1701618576555 0.9868663651 877
1701618576557 0.9868984451 878
1701618576559 0.9869218839 879
1701618576561 0.9869457064 880
1701618576564 0.986971445 881
1701618576567 0.9870044194 882
1701618576569 0.9870405137 883
1701618576571 0.9870716027 884
1701618576574 0.987076433 885
1701618576576 0.9870987718 886
1701618576578 0.9871140533 887
1701618576581 0.987138691 888
1701618576583 0.987160705 889
1701618576586 0.9871644879 890
1701618576588 0.9871772329 891
1701618576590 0.9871960048 892
1701618576592 0.9872231408 893
1701618576594 0.9872395978 894
1701618576597 0.9872595687 895
1701618576600 0.9872735055 896
1701618576603 0.9872979286 897
1701618576605 0.9873228265 898
1701618576608 0.9873380486 899
1701618576610 0.9873584344 900
1701618576614 0.9873704797 901
1701618576617 0.9873951803 902
1701618576619 0.9874187847 903
1701618576622 0.9874331751 904
1701618576624 0.9874487987 905
1701618576626 0.9874770476 906
1701618576630 0.9874990084 907
1701618576633 0.987519777 908
1701618576635 0.9875378096 909
1701618576638 0.9875499388 910
1701618576640 0.987575892 911
1701618576643 0.9875924891 912
1701618576646 0.9876145514 913
1701618576649 0.9876304608 914
1701618576652 0.9876503925 915
1701618576654 0.9876603521 916
1701618576657 0.9876774122 917
1701618576660 0.9877000113 918
1701618576663 0.9877289768 919
1701618576666 0.9877447077 920
1701618576668 0.9877711772 921
1701618576671 0.9877883353 922
1701618576673 0.9878072766 923
1701618576676 0.9878281066 924
1701618576680 0.9878627706 925
1701618576682 0.9878935988 926
1701618576684 0.9879081555 927
1701618576687 0.9879177194 928
1701618576689 0.9879459655 929
1701618576691 0.9879548015 930
1701618576693 0.9879808426 931
1701618576696 0.9879969313 932
1701618576698 0.9880088541 933
1701618576701 0.9880196686 934
1701618576703 0.9880378151 935
1701618576705 0.988055735 936
1701618576707 0.9880819437 937
1701618576710 0.988097791 938
1701618576713 0.9881137742 939
1701618576716 0.9881317397 940
1701618576718 0.9881441098 941
1701618576720 0.988158043 942
1701618576722 0.9881770807 943
1701618576724 0.9882001632 944
1701618576727 0.9882223001 945
1701618576730 0.9882357146 946
1701618576732 0.9882636266 947
1701618576734 0.9882736089 948
1701618576736 0.9883027064 949
1701618576738 0.9883212884 950
1701618576741 0.9883377818 951
1701618576743 0.9883471731 952
1701618576747 0.9883664637 953
1701618576749 0.9883792531 954
1701618576751 0.9883976592 955
1701618576753 0.9884010382 956
1701618576755 0.988422536 957
1701618576758 0.9884414318 958
1701618576760 0.9884559662 959
1701618576763 0.9884714231 960
1701618576766 0.9885017325 961
1701618576768 0.9885296611 962
1701618576770 0.9885552531 963
1701618576772 0.988568294 964
1701618576774 0.9885797333 965
1701618576776 0.9886131843 966
1701618576779 0.9886352601 967
1701618576783 0.9886539772 968
1701618576786 0.9886632724 969
1701618576789 0.9886734503 970
1701618576793 0.9886819155 971
1701618576797 0.9886902423 972
1701618576800 0.9887153222 973
1701618576802 0.9887331281 974
1701618576804 0.988742464 975
1701618576807 0.9887532277 976
1701618576809 0.9887735268 977
1701618576813 0.9887996076 978
1701618576817 0.9888147077 979
1701618576820 0.9888338173 980
1701618576823 0.9888565846 981
1701618576825 0.9888713997 982
1701618576829 0.9888828231 983
1701618576833 0.9888948604 984
1701618576837 0.9889116344 985
1701618576839 0.9889346775 986
1701618576842 0.9889591166 987
1701618576845 0.9889687903 988
1701618576849 0.9889859079 989
1701618576853 0.9889933671 990
1701618576856 0.9890140526 991
1701618576858 0.9890480464 992
1701618576863 0.9890643502 993
1701618576867 0.9890769897 994
1701618576870 0.9890935519 995
1701618576873 0.9891028511 996
1701618576875 0.989114648 997
1701618576879 0.9891268127 998
1701618576883 0.9891427866 999
