1701618569353 359456.8244 0
1701618569355 347705.721 1
1701618569360 336108.105 2
1701618569363 325584.3335 3
1701618569365 315687.77 4
1701618569367 306131.8622 5
1701618569370 297765.1998 6
1701618569373 289275.6023 7
1701618569377 282126.1524 8
1701618569379 273702.0225 9
1701618569383 266176.5879 10
1701618569385 258577.8911 11
1701618569387 251697.0768 12
1701618569389 246563.101 13
1701618569393 241700.6941 14
1701618569395 235966.071 15
1701618569398 231087.2774 16
1701618569400 225595.376 17
1701618569402 220707.8256 18
1701618569404 216106.8139 19
1701618569407 211648.3618 20
1701618569410 207420.553 21
1701618569412 203705.911 22
1701618569414 200023.5866 23
1701618569416 196651.0513 24
1701618569419 193214.3347 25
1701618569421 189931.1748 26
1701618569423 186760.1589 27
1701618569427 184192.2842 28
1701618569429 181340.8276 29
1701618569431 178837.34 30
1701618569434 176291.2207 31
1701618569437 173038.3584 32
1701618569440 170833.6585 33
1701618569443 168237.338 34
1701618569445 165885.2336 35
1701618569447 163853.4437 36
1701618569450 161596.6781 37
1701618569452 160241.8098 38
1701618569454 158302.9897 39
1701618569457 156982.5137 40
1701618569460 156059.8135 41
1701618569462 155513.8044 42
1701618569465 153487.1439 43
1701618569467 152530.2699 44
1701618569469 151231.2872 45
1701618569471 150042.704 46
1701618569474 149316.1315 47
1701618569477 147966.4342 48
1701618569479 147492.8381 49
1701618569481 145407.8336 50
1701618569484 144202.6613 51
1701618569486 142980.5751 52
1701618569488 142597.0363 53
1701618569490 140511.7292 54
1701618569493 139787.2419 55
1701618569496 138757.3503 56
1701618569498 138275.9617 57
1701618569500 137248.7427 58
1701618569502 136393.0334 59
1701618569504 136053.0609 60
1701618569506 135765.7915 61
1701618569510 135260.1262 62
1701618569512 134892.5079 63
1701618569515 134183.3089 64
1701618569517 133929.9861 65
1701618569519 133648.9031 66
1701618569521 132468.321 67
1701618569523 132245.8793 68
1701618569526 131619.5505 69
1701618569528 131388.6775 70
1701618569531 131157.8546 71
1701618569533 130838.7867 72
1701618569535 130615.8822 73
1701618569537 129178.5476 74
1701618569539 128551.917 75
1701618569542 127764.5139 76
1701618569545 127334.913 77
1701618569547 127174.0305 78
1701618569549 127062.0946 79
1701618569551 126920.5023 80
1701618569554 126791.9138 81
1701618569556 125264.6057 82
1701618569559 125167.8484 83
1701618569561 125027.4157 84
1701618569563 124934.4516 85
1701618569566 124154.5657 86
1701618569568 123699.1266 87
1701618569571 123182.4408 88
1701618569574 122871.8116 89
1701618569577 122673.6275 90
1701618569579 121719.8984 91
1701618569581 121357.361 92
1701618569583 121199.3709 93
1701618569586 120518.0973 94
1701618569588 119802.4872 95
1701618569590 119081.7342 96
1701618569593 118299.5 97
1701618569596 118103.623 98
1701618569598 117647.2369 99
1701618569600 116997.6526 100
1701618569602 116889.059 101
1701618569605 116432.4657 102
1701618569607 115860.0711 103
1701618569610 115715.0873 104
1701618569612 114780.4229 105
1701618569614 114361.2813 106
1701618569617 114162.9229 107
1701618569618 113954.7988 108
1701618569621 113051.5199 109
1701618569624 112599.9203 110
1701618569626 112333.0703 111
1701618569629 111663.8826 112
1701618569631 111215.0474 113
1701618569633 110813.7008 114
1701618569635 110419.994 115
1701618569637 110144.8832 116
1701618569639 109789.3345 117
1701618569642 109167.4613 118
1701618569645 108482.4736 119
1701618569647 107812.2689 120
1701618569650 107641.8177 121
1701618569653 107226.8247 122
1701618569655 107142.5031 123
1701618569658 107072.6807 124
1701618569661 106429.8758 125
1701618569663 106353.2064 126
1701618569665 105998.7881 127
1701618569667 105815.2059 128
1701618569670 105442.748 129
1701618569672 105352.3644 130
1701618569674 105190.6804 131
1701618569677 104482.5698 132
1701618569679 104187.4734 133
1701618569681 103932.1384 134
1701618569683 103696.9026 135
1701618569686 103218.4343 136
1701618569688 103109.1678 137
1701618569690 102849.5692 138
1701618569693 102539.5245 139
1701618569695 102236.594 140
1701618569698 101688.0156 141
1701618569700 101598.204 142
1701618569702 100929.9703 143
1701618569704 100542.9411 144
1701618569706 100466.2979 145
1701618569709 100140.6534 146
1701618569712 99573.7494 147
1701618569714 99404.15354 148
1701618569716 99021.59439 149
1701618569718 98556.78615 150
1701618569720 98518.3938 151
1701618569722 98472.23876 152
1701618569726 98246.78235 153
1701618569728 97872.44117 154
1701618569730 97638.2573 155
1701618569733 97271.52724 156
1701618569735 97093.79582 157
1701618569737 96934.74197 158
1701618569739 96778.11869 159
1701618569743 96656.25925 160
1701618569745 96264.16482 161
1701618569747 96109.0041 162
1701618569749 95766.53164 163
1701618569752 95527.8735 164
1701618569754 95300.06016 165
1701618569756 95089.76997 166
1701618569759 94876.20765 167
1701618569761 94621.62823 168
1701618569764 94344.61103 169
1701618569766 94096.19466 170
1701618569768 93932.91586 171
1701618569770 93680.90577 172
1701618569772 93570.17433 173
1701618569775 93133.38049 174
1701618569777 92881.13848 175
1701618569780 92729.00834 176
1701618569782 92474.47805 177
1701618569784 92249.60074 178
1701618569786 92100.30129 179
1701618569788 91989.36051 180
1701618569790 91691.63432 181
1701618569794 91472.65523 182
1701618569796 91350.80173 183
1701618569798 91314.96405 184
1701618569800 91093.29555 185
1701618569802 90834.97959 186
1701618569805 90506.98201 187
1701618569807 90382.30365 188
1701618569810 90161.3175 189
1701618569812 89973.31709 190
1701618569814 89882.65902 191
1701618569816 89656.47647 192
1701618569818 89363.0143 193
1701618569821 89097.17304 194
1701618569823 88888.1251 195
1701618569826 88727.4506 196
1701618569829 88633.26073 197
1701618569831 88561.15262 198
1701618569833 88479.6122 199
1701618569835 88395.45612 200
1701618569837 88242.99848 201
1701618569839 88079.35149 202
1701618569842 87946.51529 203
1701618569845 87742.77645 204
1701618569847 87483.50079 205
1701618569849 87325.90071 206
1701618569851 87098.74892 207
1701618569853 86951.33102 208
1701618569855 86787.12708 209
1701618569858 86649.73043 210
1701618569862 86484.25905 211
1701618569864 86377.55408 212
1701618569866 86292.50416 213
1701618569868 86162.75815 214
1701618569870 85915.12834 215
1701618569873 85843.95833 216
1701618569876 85715.2251 217
1701618569879 85596.36254 218
1701618569881 85413.93085 219
1701618569883 85120.80184 220
1701618569885 85019.5598 221
1701618569887 84948.71165 222
1701618569891 84774.13782 223
1701618569896 84600.41049 224
1701618569898 84498.8316 225
1701618569901 84256.65277 226
1701618569904 84202.61966 227
1701618569906 84079.34671 228
1701618569909 83946.74595 229
1701618569912 83787.71341 230
1701618569914 83602.85604 231
1701618569916 83357.25299 232
1701618569918 83299.5985 233
1701618569921 83164.18138 234
1701618569923 83096.33289 235
1701618569926 82926.67489 236
1701618569928 82811.82156 237
1701618569930 82710.38773 238
1701618569932 82552.02429 239
1701618569934 82378.88325 240
1701618569937 82208.14688 241
1701618569939 81990.03808 242
1701618569942 81805.7462 243
1701618569945 81608.37303 244
1701618569947 81536.04366 245
1701618569949 81479.6854 246
1701618569952 81355.6022 247
1701618569955 81241.51808 248
1701618569958 81196.23009 249
1701618569961 80997.86664 250
1701618569964 80826.04502 251
1701618569966 80575.18077 252
1701618569968 80426.83959 253
1701618569970 80313.26121 254
1701618569972 80188.31433 255
1701618569975 80057.78402 256
1701618569978 79953.60911 257
1701618569980 79802.06487 258
1701618569982 79671.37691 259
1701618569984 79539.39094 260
1701618569986 79384.89028 261
1701618569988 79278.13888 262
1701618569992 79199.55033 263
1701618569994 79015.83299 264
1701618569996 78948.26981 265
1701618569998 78852.36977 266
1701618570001 78741.79329 267
1701618570003 78602.29302 268
1701618570005 78438.44584 269
1701618570008 78225.48791 270
1701618570010 78080.82367 271
1701618570012 77921.65563 272
1701618570014 77776.89573 273
1701618570017 77703.38408 274
1701618570019 77578.19006 275
1701618570021 77440.58716 276
1701618570024 77301.56033 277
1701618570026 77224.44995 278
1701618570029 77105.89183 279
1701618570031 76992.34251 280
1701618570033 76906.42541 281
1701618570036 76750.33613 282
1701618570038 76617.69607 283
1701618570041 76470.40633 284
1701618570044 76342.99718 285
1701618570046 76252.58082 286
1701618570048 76168.66498 287
1701618570050 76035.82437 288
1701618570053 75922.11706 289
1701618570056 75843.51918 290
1701618570059 75746.69278 291
1701618570062 75621.00885 292
1701618570064 75484.84193 293
1701618570066 75325.01415 294
1701618570069 75239.35661 295
1701618570072 75123.3941 296
1701618570075 75019.10508 297
1701618570078 74904.05892 298
1701618570080 74806.4481 299
1701618570083 74661.02994 300
1701618570085 74620.10966 301
1701618570088 74504.79503 302
1701618570091 74443.94084 303
1701618570094 74256.6846 304
1701618570096 74174.17703 305
1701618570099 74080.87282 306
1701618570102 74041.00249 307
1701618570104 73989.31964 308
1701618570107 73894.95241 309
1701618570110 73803.42421 310
1701618570113 73686.99677 311
1701618570115 73577.75542 312
1701618570118 73462.28202 313
1701618570121 73407.12619 314
1701618570124 73289.39785 315
1701618570127 73185.27873 316
1701618570129 73093.33488 317
1701618570132 72914.70644 318
1701618570135 72844.00234 319
1701618570138 72707.55481 320
1701618570141 72595.0976 321
1701618570144 72526.29386 322
1701618570147 72373.55966 323
1701618570149 72249.2632 324
1701618570152 72159.41069 325
1701618570154 72079.34475 326
1701618570158 71988.8578 327
1701618570160 71879.32742 328
1701618570163 71771.92555 329
1701618570166 71666.81255 330
1701618570168 71605.36391 331
1701618570171 71573.12793 332
1701618570174 71448.95524 333
1701618570177 71370.0971 334
1701618570179 71286.08923 335
1701618570182 71219.03551 336
1701618570185 71159.20358 337
1701618570187 71100.79129 338
1701618570190 71008.80097 339
1701618570193 70947.06182 340
1701618570196 70856.57669 341
1701618570198 70738.58046 342
1701618570201 70648.49033 343
1701618570203 70524.14305 344
1701618570206 70444.98187 345
1701618570209 70357.49668 346
1701618570212 70236.9433 347
1701618570214 70064.16469 348
1701618570216 69928.38153 349
1701618570219 69869.76123 350
1701618570222 69833.95995 351
1701618570225 69763.38511 352
1701618570228 69617.25262 353
1701618570230 69519.6308 354
1701618570233 69428.69372 355
1701618570235 69336.8806 356
1701618570238 69246.84409 357
1701618570242 69173.18393 358
1701618570245 69096.29925 359
1701618570248 68976.47328 360
1701618570250 68925.81605 361
1701618570253 68813.18189 362
1701618570256 68725.8786 363
1701618570259 68609.29074 364
1701618570262 68521.28995 365
1701618570264 68455.0847 366
1701618570267 68382.01296 367
1701618570270 68256.51284 368
1701618570272 68226.54866 369
1701618570276 68130.58286 370
1701618570278 68029.24668 371
1701618570281 67943.82912 372
1701618570284 67865.0078 373
1701618570286 67776.35182 374
1701618570289 67673.74924 375
1701618570292 67607.81615 376
1701618570295 67549.85197 377
1701618570298 67501.98897 378
1701618570300 67375.55722 379
1701618570302 67297.8725 380
1701618570304 67211.35648 381
1701618570308 67137.13286 382
1701618570311 67047.87994 383
1701618570314 67004.44783 384
1701618570316 66903.83926 385
1701618570319 66802.80818 386
1701618570322 66694.12925 387
1701618570325 66640.75183 388
1701618570328 66599.2032 389
1701618570331 66567.79342 390
1701618570333 66480.09386 391
1701618570336 66356.99243 392
1701618570338 66247.74748 393
1701618570342 66220.17623 394
1701618570344 66124.64548 395
1701618570347 66053.82784 396
1701618570349 65928.09584 397
1701618570352 65842.05799 398
1701618570354 65736.10713 399
1701618570357 65697.74834 400
1701618570360 65678.34284 401
1701618570363 65603.02719 402
1701618570366 65484.56122 403
1701618570369 65414.25089 404
1701618570371 65364.41338 405
1701618570374 65314.03144 406
1701618570377 65272.13242 407
1701618570380 65149.4286 408
1701618570382 65097.90441 409
1701618570385 65028.50922 410
1701618570387 64969.05519 411
1701618570389 64871.87924 412
1701618570393 64782.16724 413
1701618570395 64722.78148 414
1701618570398 64707.96897 415
1701618570400 64617.09946 416
1701618570403 64510.48249 417
1701618570405 64441.88295 418
1701618570409 64336.59422 419
1701618570411 64240.52657 420
1701618570414 64185.95803 421
1701618570416 64103.21077 422
1701618570419 64018.54788 423
1701618570422 63967.24802 424
1701618570425 63860.62579 425
1701618570428 63786.17506 426
1701618570430 63756.38639 427
1701618570433 63678.43069 428
1701618570435 63646.22804 429
1701618570438 63594.94387 430
1701618570441 63532.62155 431
1701618570444 63450.33231 432
1701618570446 63444.78837 433
1701618570448 63362.32798 434
1701618570450 63259.37315 435
1701618570452 63202.74177 436
1701618570454 63170.30164 437
1701618570457 63093.06889 438
1701618570460 63054.69001 439
1701618570462 62925.95061 440
1701618570465 62858.73978 441
1701618570468 62770.74536 442
1701618570470 62699.29673 443
1701618570473 62591.01576 444
1701618570476 62499.6611 445
1701618570479 62422.52475 446
1701618570481 62392.77116 447
1701618570484 62326.22818 448
1701618570486 62231.37573 449
1701618570489 62117.32692 450
1701618570492 62077.38795 451
1701618570495 62063.93067 452
1701618570497 61989.22454 453
1701618570500 61953.26851 454
1701618570503 61851.60133 455
1701618570505 61758.733 456
1701618570508 61738.20106 457
1701618570511 61638.67916 458
1701618570513 61587.81102 459
1701618570516 61581.14761 460
1701618570518 61574.75412 461
1701618570521 61531.91145 462
1701618570524 61469.14746 463
1701618570526 61446.79528 464
1701618570529 61343.36132 465
1701618570531 61283.53673 466
1701618570534 61202.75182 467
1701618570536 61183.22129 468
1701618570539 61136.16335 469
1701618570542 61091.7905 470
1701618570545 61043.37213 471
1701618570547 60992.90181 472
1701618570550 60953.95161 473
1701618570552 60947.79435 474
1701618570555 60891.20769 475
1701618570558 60839.54158 476
1701618570561 60747.58703 477
1701618570563 60706.3486 478
1701618570566 60639.12754 479
1701618570569 60606.57418 480
1701618570571 60563.83629 481
1701618570574 60515.54828 482
1701618570577 60481.99894 483
1701618570580 60391.33396 484
1701618570582 60331.52898 485
1701618570585 60265.56994 486
1701618570587 60208.62799 487
1701618570590 60149.55001 488
1701618570593 60063.28867 489
1701618570595 59996.14546 490
1701618570598 59957.12339 491
1701618570601 59915.49017 492
1701618570603 59805.9214 493
1701618570605 59797.15596 494
1701618570609 59701.0375 495
1701618570611 59673.5486 496
1701618570614 59615.98239 497
1701618570616 59558.61251 498
1701618570619 59552.8904 499
1701618570622 59475.41255 500
1701618570625 59398.96745 501
1701618570628 59316.03693 502
1701618570630 59310.59566 503
1701618570632 59275.31587 504
1701618570635 59190.48602 505
1701618570638 59112.33525 506
1701618570641 59107.4809 507
1701618570644 59031.25514 508
1701618570646 58941.24921 509
1701618570649 58879.95389 510
1701618570651 58824.31173 511
1701618570654 58820.80652 512
1701618570657 58735.11454 513
1701618570660 58713.81115 514
1701618570663 58649.94608 515
1701618570665 58571.28705 516
1701618570668 58535.31473 517
1701618570671 58485.99863 518
1701618570674 58468.42856 519
1701618570676 58401.57855 520
1701618570679 58347.27948 521
1701618570681 58290.83566 522
1701618570684 58255.69616 523
1701618570686 58209.72389 524
1701618570690 58156.982 525
1701618570693 58074.65091 526
1701618570696 58031.86204 527
1701618570698 58027.4096 528
1701618570701 57952.3897 529
1701618570704 57881.43627 530
1701618570707 57757.48987 531
1701618570710 57711.47591 532
1701618570712 57655.6861 533
1701618570715 57650.48803 534
1701618570718 57574.08478 535
1701618570720 57508.05222 536
1701618570724 57466.5422 537
1701618570727 57410.72895 538
1701618570729 57359.66137 539
1701618570732 57292.48111 540
1701618570734 57189.51325 541
1701618570737 57170.85117 542
1701618570739 57155.74292 543
1701618570742 57120.25887 544
1701618570745 57069.78823 545
1701618570748 57009.97814 546
1701618570750 56935.46594 547
1701618570753 56845.43307 548
1701618570755 56805.92635 549
1701618570759 56794.11042 550
1701618570761 56735.1011 551
1701618570764 56666.95822 552
1701618570766 56657.47597 553
1701618570769 56653.43058 554
1701618570771 56573.04941 555
1701618570774 56525.37654 556
1701618570777 56469.05109 557
1701618570780 56427.9829 558
1701618570782 56406.64255 559
1701618570785 56318.07228 560
1701618570788 56249.99164 561
1701618570791 56171.38155 562
1701618570794 56110.15036 563
1701618570796 56037.75758 564
1701618570799 55963.15256 565
1701618570801 55922.87119 566
1701618570804 55881.99524 567
1701618570807 55833.05761 568
1701618570810 55755.77725 569
1701618570812 55738.08396 570
1701618570815 55690.45993 571
1701618570817 55605.18997 572
1701618570820 55589.0277 573
1701618570823 55553.49576 574
1701618570826 55524.0441 575
1701618570828 55464.27242 576
1701618570831 55386.88834 577
1701618570833 55337.40635 578
1701618570836 55310.88304 579
1701618570840 55263.86577 580
1701618570844 55214.71763 581
1701618570847 55122.47838 582
1701618570850 55044.13468 583
1701618570852 55022.45497 584
1701618570855 54966.89658 585
1701618570859 54889.34123 586
1701618570862 54847.74882 587
1701618570865 54799.65365 588
1701618570867 54748.23611 589
1701618570870 54695.01388 590
1701618570872 54678.22249 591
1701618570875 54593.90428 592
1701618570877 54546.94202 593
1701618570879 54488.25728 594
1701618570881 54475.04688 595
1701618570884 54471.35733 596
1701618570886 54448.89817 597
1701618570888 54375.15907 598
1701618570892 54323.69933 599
1701618570895 54264.11959 600
1701618570900 54197.02713 601
1701618570903 54146.16367 602
1701618570906 54096.11661 603
1701618570909 54043.68838 604
1701618570911 54004.42789 605
1701618570913 53969.34564 606
1701618570916 53921.57339 607
1701618570918 53852.98172 608
1701618570920 53791.06437 609
1701618570922 53753.49839 610
1701618570925 53694.60262 611
1701618570927 53648.04746 612
1701618570930 53590.34442 613
1701618570932 53521.68446 614
1701618570934 53485.50352 615
1701618570936 53431.90555 616
1701618570939 53388.27449 617
1701618570942 53320.48688 618
1701618570944 53245.63265 619
1701618570946 53159.17788 620
1701618570949 53145.91329 621
1701618570950 53081.83937 622
1701618570953 53044.6731 623
1701618570955 53005.41726 624
1701618570958 52940.81832 625
1701618570961 52912.98079 626
1701618570963 52864.6901 627
1701618570965 52819.46255 628
1701618570967 52767.49268 629
1701618570970 52713.49266 630
1701618570973 52659.49672 631
1701618570975 52602.40182 632
1701618570978 52553.94489 633
1701618570980 52528.69391 634
1701618570982 52461.33024 635
1701618570985 52404.78275 636
1701618570987 52325.17967 637
1701618570990 52306.24198 638
1701618570992 52292.08073 639
1701618570995 52222.44129 640
1701618570997 52166.98493 641
1701618570999 52117.79557 642
1701618571001 52074.13401 643
1701618571003 52021.54295 644
1701618571006 51985.9438 645
1701618571009 51914.40142 646
1701618571011 51887.68008 647
1701618571013 51813.92498 648
1701618571015 51729.62488 649
1701618571017 51719.14272 650
1701618571019 51672.64447 651
1701618571021 51638.04911 652
1701618571025 51586.53558 653
1701618571027 51571.5274 654
1701618571029 51530.92096 655
1701618571031 51471.84594 656
1701618571034 51405.5951 657
1701618571036 51379.74621 658
1701618571038 51342.17494 659
1701618571041 51305.21876 660
1701618571043 51238.02602 661
1701618571045 51168.90311 662
1701618571047 51088.15288 663
1701618571050 51074.91127 664
1701618571052 51021.04323 665
1701618571054 51003.54255 666
1701618571057 50966.55265 667
1701618571059 50922.1111 668
1701618571062 50869.68754 669
1701618571064 50831.15288 670
1701618571066 50782.68377 671
1701618571069 50754.53065 672
1701618571071 50705.04354 673
1701618571074 50651.50834 674
1701618571076 50621.94792 675
1701618571078 50593.18675 676
1701618571080 50564.60977 677
1701618571082 50496.94205 678
1701618571084 50406.01754 679
1701618571087 50362.24202 680
1701618571089 50312.26694 681
1701618571092 50255.93365 682
1701618571094 50214.23863 683
1701618571096 50182.46484 684
1701618571098 50125.45902 685
1701618571101 50082.29909 686
1701618571103 50076.45618 687
1701618571105 50035.50641 688
1701618571108 49998.64538 689
1701618571110 49962.70219 690
1701618571113 49919.35266 691
1701618571115 49864.3803 692
1701618571118 49797.79477 693
1701618571120 49777.52548 694
1701618571122 49710.82674 695
1701618571125 49666.04282 696
1701618571127 49655.34797 697
1701618571129 49589.7812 698
1701618571132 49543.18161 699
1701618571134 49507.76629 700
1701618571136 49464.34911 701
1701618571138 49430.5573 702
1701618571141 49389.84056 703
1701618571144 49341.92037 704
1701618571146 49290.3367 705
1701618571148 49258.03254 706
1701618571150 49238.70442 707
1701618571152 49200.07006 708
1701618571155 49160.30756 709
1701618571158 49113.89938 710
1701618571160 49063.62828 711
1701618571162 49032.45822 712
1701618571164 48952.81358 713
1701618571166 48918.30919 714
1701618571168 48872.00734 715
1701618571170 48848.4399 716
1701618571173 48801.32729 717
1701618571176 48739.99685 718
1701618571178 48715.97159 719
1701618571180 48666.43169 720
1701618571182 48639.08071 721
1701618571184 48592.09927 722
1701618571186 48499.27979 723
1701618571189 48452.18511 724
1701618571192 48412.20117 725
1701618571194 48390.56579 726
1701618571196 48363.20906 727
1701618571198 48294.15025 728
1701618571201 48249.62876 729
1701618571203 48195.35198 730
1701618571206 48140.45678 731
1701618571208 48084.90252 732
1701618571211 48046.16387 733
1701618571213 47987.1537 734
1701618571215 47952.59757 735
1701618571217 47909.61012 736
1701618571219 47885.72215 737
1701618571221 47838.80689 738
1701618571224 47776.30717 739
1701618571226 47745.49017 740
1701618571229 47714.64972 741
1701618571231 47682.26812 742
1701618571233 47674.70559 743
1701618571235 47637.29282 744
1701618571238 47584.54726 745
1701618571241 47548.30083 746
1701618571243 47502.79253 747
1701618571246 47469.33664 748
1701618571248 47431.74224 749
1701618571250 47382.48509 750
1701618571252 47344.94461 751
1701618571255 47296.97703 752
1701618571258 47288.38874 753
1701618571260 47253.85046 754
1701618571262 47206.56575 755
1701618571265 47146.20532 756
1701618571267 47113.16228 757
1701618571270 47041.11162 758
1701618571273 47015.8342 759
1701618571276 46993.9131 760
1701618571279 46927.94688 761
1701618571281 46871.67408 762
1701618571284 46811.77959 763
1701618571286 46738.02132 764
1701618571289 46729.62819 765
1701618571292 46675.75619 766
1701618571294 46638.31314 767
1701618571296 46609.6909 768
1701618571298 46582.95811 769
1701618571300 46549.10829 770
1701618571303 46504.11978 771
1701618571305 46466.83904 772
1701618571308 46429.59896 773
1701618571310 46382.14809 774
1701618571313 46368.54782 775
1701618571315 46318.26372 776
1701618571318 46268.61399 777
1701618571320 46220.99898 778
1701618571323 46191.64864 779
1701618571325 46153.92341 780
1701618571328 46127.94176 781
1701618571330 46081.22169 782
1701618571332 46044.72376 783
1701618571334 46001.42325 784
1701618571336 45957.01713 785
1701618571339 45935.00188 786
1701618571342 45858.01295 787
1701618571344 45801.79191 788
1701618571346 45785.07897 789
1701618571349 45744.02689 790
1701618571351 45711.3235 791
1701618571353 45682.67877 792
1701618571356 45624.02421 793
1701618571359 45584.89586 794
1701618571361 45559.33332 795
1701618571363 45528.51942 796
1701618571365 45498.13152 797
1701618571367 45479.08635 798
1701618571370 45423.62748 799
1701618571373 45344.31855 800
1701618571375 45295.15697 801
1701618571377 45285.78067 802
1701618571380 45238.93239 803
1701618571382 45199.60191 804
1701618571384 45130.34837 805
1701618571386 45072.69804 806
1701618571389 45040.10346 807
1701618571391 45002.83821 808
1701618571394 44964.93065 809
1701618571396 44934.44081 810
1701618571398 44900.1472 811
1701618571400 44860.38265 812
1701618571403 44803.95401 813
1701618571405 44770.75488 814
1701618571408 44756.52566 815
1701618571410 44719.6752 816
1701618571412 44702.22615 817
1701618571414 44660.76991 818
1701618571417 44631.65991 819
1701618571419 44602.39264 820
1701618571421 44553.60073 821
1701618571424 44501.39592 822
1701618571426 44471.44779 823
1701618571429 44441.97368 824
1701618571431 44400.34037 825
1701618571433 44373.74829 826
1701618571435 44336.4431 827
1701618571438 44307.47504 828
1701618571440 44263.32821 829
1701618571443 44229.23751 830
1701618571445 44195.08611 831
1701618571447 44173.94551 832
1701618571449 44124.3054 833
1701618571451 44100.02522 834
1701618571454 44048.86586 835
1701618571457 44017.72256 836
1701618571459 43969.01028 837
1701618571461 43942.51334 838
1701618571464 43904.77279 839
1701618571466 43893.00478 840
1701618571468 43861.24075 841
1701618571471 43826.83049 842
1701618571474 43788.22336 843
1701618571476 43755.27931 844
1701618571478 43711.01642 845
1701618571480 43695.65789 846
1701618571482 43668.75256 847
1701618571484 43634.29492 848
1701618571486 43596.79416 849
1701618571489 43546.71851 850
1701618571492 43527.78079 851
1701618571494 43488.50003 852
1701618571496 43442.42937 853
1701618571498 43402.44865 854
1701618571501 43357.13951 855
1701618571503 43327.52896 856
1701618571506 43294.8139 857
1701618571509 43255.51675 858
1701618571511 43228.97245 859
1701618571513 43192.05885 860
1701618571515 43174.88615 861
1701618571517 43153.88346 862
1701618571519 43139.66118 863
1701618571522 43085.22735 864
1701618571524 43041.71886 865
1701618571527 43006.5363 866
1701618571529 42961.83228 867
1701618571531 42909.71104 868
1701618571535 42882.18224 869
1701618571537 42835.69331 870
1701618571540 42774.42729 871
1701618571542 42730.40806 872
1701618571544 42691.27684 873
1701618571547 42663.05281 874
1701618571549 42636.11789 875
1701618571551 42607.53853 876
1701618571553 42574.8076 877
1701618571556 42522.77951 878
1701618571559 42484.72564 879
1701618571561 42446.01381 880
1701618571564 42404.14873 881
1701618571566 42350.45378 882
1701618571568 42291.6001 883
1701618571570 42240.84219 884
1701618571574 42232.95053 885
1701618571576 42196.43414 886
1701618571578 42171.43589 887
1701618571580 42131.10121 888
1701618571582 42095.02896 889
1701618571585 42088.82724 890
1701618571587 42067.92602 891
1701618571590 42037.12204 892
1701618571592 41992.55287 893
1701618571594 41965.50039 894
1701618571597 41932.64811 895
1701618571599 41909.70665 896
1701618571601 41869.47341 897
1701618571603 41828.41812 898
1701618571606 41803.29787 899
1701618571608 41769.6326 900
1701618571610 41749.7281 901
1701618571613 41708.88134 902
1701618571615 41669.81001 903
1701618571617 41645.97229 904
1701618571619 41620.07619 905
1701618571622 41573.21283 906
1701618571625 41536.74459 907
1701618571627 41502.22657 908
1701618571629 41472.23262 909
1701618571631 41452.04551 910
1701618571633 41408.81789 911
1701618571635 41381.15013 912
1701618571638 41344.34299 913
1701618571640 41317.78053 914
1701618571643 41284.47835 915
1701618571645 41267.82758 916
1701618571648 41239.29053 917
1701618571650 41201.45762 918
1701618571652 41152.91587 919
1701618571654 41126.52932 920
1701618571657 41082.09191 921
1701618571659 41053.26094 922
1701618571661 41021.40999 923
1701618571664 40986.35463 924
1701618571666 40927.95106 925
1701618571668 40875.94015 926
1701618571670 40851.3583 927
1701618571673 40835.19954 928
1701618571675 40787.43911 929
1701618571678 40772.48714 930
1701618571680 40728.38933 931
1701618571682 40701.12087 932
1701618571684 40680.90145 933
1701618571686 40662.55276 934
1701618571690 40631.74543 935
1701618571692 40601.30004 936
1701618571694 40556.73084 937
1701618571696 40529.75792 938
1701618571698 40502.5355 939
1701618571701 40471.91509 940
1701618571703 40450.81789 941
1701618571706 40427.04186 942
1701618571708 40394.53257 943
1701618571710 40355.08115 944
1701618571713 40317.20958 945
1701618571715 40294.24286 946
1701618571717 40246.41341 947
1701618571719 40229.29409 948
1701618571722 40179.35115 949
1701618571725 40147.42464 950
1701618571727 40119.06517 951
1701618571729 40102.90844 952
1701618571731 40069.70076 953
1701618571733 40047.66922 954
1701618571735 40015.94086 955
1701618571737 40010.11354 956
1701618571740 39973.01833 957
1701618571742 39940.38474 958
1701618571745 39915.26513 959
1701618571747 39888.53398 960
1701618571749 39836.06467 961
1701618571751 39787.65556 962
1701618571753 39743.24459 963
1701618571757 39720.5951 964
1701618571759 39700.71671 965
1701618571761 39642.5305 966
1701618571763 39604.08411 967
1701618571765 39571.45786 968
1701618571768 39555.24499 969
1701618571770 39537.48514 970
1701618571773 39522.70762 971
1701618571775 39508.16646 972
1701618571777 39464.33646 973
1701618571779 39433.18923 974
1701618571782 39416.84824 975
1701618571784 39397.99992 976
1701618571786 39362.42945 977
1701618571789 39316.68053 978
1701618571792 39290.16861 979
1701618571794 39256.59155 980
1701618571796 39216.54993 981
1701618571798 39190.47218 982
1701618571800 39170.35278 983
1701618571802 39149.14084 984
1701618571805 39119.56284 985
1701618571808 39078.89384 986
1701618571810 39035.71468 987
1701618571812 39018.60996 988
1701618571814 38988.32489 989
1701618571816 38975.12033 990
1701618571818 38938.47878 991
1701618571821 38878.18852 992
1701618571824 38849.23951 993
1701618571826 38826.78186 994
1701618571828 38797.33472 995
1701618571830 38780.79123 996
1701618571832 38759.79422 997
1701618571834 38738.13061 998
1701618571836 38709.66491 999
