1701618415407 359456.8244 0
1701618415410 347705.721 0
1701618415412 336108.105 0
1701618415415 325584.3335 0
1701618415418 315687.77 0
1701618415421 306131.8622 0
1701618415424 297765.1998 0
1701618415426 289275.6023 0
1701618415428 282126.1524 0
1701618415430 273702.0225 0
1701618415434 266176.5879 0
1701618415439 258577.8911 0
1701618415442 251697.0768 0
1701618415444 246563.101 0
1701618415446 241700.6941 0
1701618415448 235966.071 0
1701618415451 231087.2774 0
1701618415454 225595.376 0
1701618415457 220707.8256 0
1701618415458 216106.8139 0
1701618415461 211648.3618 0
1701618415463 207420.553 0
1701618415465 203705.911 0
1701618415467 200023.5866 0
1701618415470 196651.0513 0
1701618415473 193214.3347 0
1701618415475 189931.1748 0
1701618415477 186760.1589 0
1701618415479 184192.2842 0
1701618415481 181340.8276 0
1701618415484 178837.34 0
1701618415487 176291.2207 0
1701618415489 173038.3584 0
1701618415491 170833.6585 0
1701618415493 168237.338 0
1701618415495 165885.2336 0
1701618415497 163853.4437 0
1701618415499 161596.6781 0
1701618415502 160241.8098 0
1701618415505 158302.9897 0
1701618415507 156982.5137 0
1701618415509 156059.8135 0
1701618415511 155513.8044 0
1701618415514 153487.1439 0
1701618415516 152530.2699 0
1701618415518 151231.2872 0
1701618415522 150042.704 0
1701618415524 149316.1315 0
1701618415526 147966.4342 0
1701618415528 147492.8381 0
1701618415530 145407.8336 0
1701618415532 144202.6613 0
1701618415534 142980.5751 0
1701618415537 142597.0363 0
1701618415540 140511.7292 0
1701618415542 139787.2419 0
1701618415545 138757.3503 0
1701618415547 138275.9617 0
1701618415549 137248.7427 0
1701618415551 136393.0334 0
1701618415555 136053.0609 0
1701618415557 135765.7915 0
1701618415559 135260.1262 0
1701618415561 134892.5079 0
1701618415564 134183.3089 0
1701618415566 133929.9861 0
1701618415569 133648.9031 0
1701618415572 132468.321 0
1701618415574 132245.8793 0
1701618415576 131619.5505 0
1701618415578 131388.6775 0
1701618415581 131157.8546 0
1701618415583 130838.7867 0
1701618415585 130615.8822 0
1701618415588 129178.5476 0
1701618415590 128551.917 0
1701618415592 127764.5139 0
1701618415595 127334.913 0
1701618415597 127174.0305 0
1701618415599 127062.0946 0
1701618415601 126920.5023 0
1701618415605 126791.9138 0
1701618415607 125264.6057 0
1701618415609 125167.8484 0
1701618415611 125027.4157 0
1701618415613 124934.4516 0
1701618415616 124154.5657 0
1701618415618 123699.1266 0
1701618415621 123182.4408 0
1701618415624 122871.8116 0
1701618415626 122673.6275 0
1701618415628 121719.8984 0
1701618415630 121357.361 0
1701618415632 121199.3709 0
1701618415634 120518.0973 0
1701618415638 119802.4872 0
1701618415640 119081.7342 0
1701618415642 118299.5 0
1701618415645 118103.623 0
1701618415647 117647.2369 0
1701618415649 116997.6526 0
1701618415651 116889.059 0
1701618415654 116432.4657 0
1701618415657 115860.0711 0
1701618415659 115715.0873 0
1701618415661 114780.4229 0
1701618415663 114361.2813 0
1701618415665 114162.9229 0
1701618415667 113954.7988 0
1701618415670 113051.5199 0
1701618415672 112599.9203 0
1701618415675 112333.0703 0
1701618415677 111663.8826 0
1701618415679 111215.0474 0
1701618415681 110813.7008 0
1701618415683 110419.994 0
1701618415685 110144.8832 0
1701618415688 109789.3345 0
1701618415690 109167.4613 0
1701618415693 108482.4736 0
1701618415695 107812.2689 0
1701618415697 107641.8177 0
1701618415699 107226.8247 0
1701618415701 107142.5031 0
1701618415704 107072.6807 0
1701618415707 106429.8758 0
1701618415710 106353.2064 0
1701618415713 105998.7881 0
1701618415716 105815.2059 0
1701618415719 105442.748 0
1701618415722 105352.3644 0
1701618415725 105190.6804 0
1701618415727 104482.5698 0
1701618415730 104187.4734 0
1701618415733 103932.1384 0
1701618415735 103696.9026 0
1701618415738 103218.4343 0
1701618415741 103109.1678 0
1701618415744 102849.5692 0
1701618415746 102539.5245 0
1701618415749 102236.594 0
1701618415752 101688.0156 0
1701618415755 101598.204 0
1701618415757 100929.9703 0
1701618415759 100542.9411 0
1701618415762 100466.2979 0
1701618415764 100140.6534 0
1701618415766 99573.7494 0
1701618415769 99404.15354 0
1701618415772 99021.59439 0
1701618415774 98556.78615 0
1701618415776 98518.3938 0
1701618415778 98472.23876 0
1701618415781 98246.78235 0
1701618415783 97872.44117 0
1701618415785 97638.2573 0
1701618415789 97271.52724 0
1701618415791 97093.79582 0
1701618415793 96934.74197 0
1701618415795 96778.11869 0
1701618415797 96656.25925 0
1701618415799 96264.16482 0
1701618415802 96109.0041 0
1701618415805 95766.53164 0
1701618415807 95527.8735 0
1701618415809 95300.06016 0
1701618415812 95089.76997 0
1701618415814 94876.20765 0
1701618415816 94621.62823 0
1701618415818 94344.61103 0
1701618415821 94096.19466 0
1701618415824 93932.91586 0
1701618415826 93680.90577 0
1701618415828 93570.17433 0
1701618415830 93133.38049 0
1701618415832 92881.13848 0
1701618415834 92729.00834 0
1701618415838 92474.47805 0
1701618415840 92249.60074 0
1701618415843 92100.30129 0
1701618415845 91989.36051 0
1701618415847 91691.63432 0
1701618415849 91472.65523 0
1701618415851 91350.80173 0
1701618415854 91314.96405 0
1701618415857 91093.29555 0
1701618415859 90834.97959 0
1701618415861 90506.98201 0
1701618415863 90382.30365 0
1701618415866 90161.3175 0
1701618415868 89973.31709 0
1701618415872 89882.65902 0
1701618415874 89656.47647 0
1701618415876 89363.0143 0
1701618415878 89097.17304 0
1701618415880 88888.1251 0
1701618415882 88727.4506 0
1701618415885 88633.26073 0
1701618415888 88561.15262 0
1701618415891 88479.6122 0
1701618415893 88395.45612 0
1701618415895 88242.99848 0
1701618415897 88079.35149 0
1701618415900 87946.51529 0
1701618415903 87742.77645 0
1701618415906 87483.50079 0
1701618415908 87325.90071 0
1701618415910 87098.74892 0
1701618415912 86951.33102 0
1701618415914 86787.12708 0
1701618415917 86649.73043 0
1701618415921 86484.25905 0
1701618415924 86377.55408 0
1701618415926 86292.50416 0
1701618415928 86162.75815 0
1701618415930 85915.12834 0
1701618415932 85843.95833 0
1701618415935 85715.2251 0
1701618415938 85596.36254 0
1701618415940 85413.93085 0
1701618415942 85120.80184 0
1701618415944 85019.5598 0
1701618415946 84948.71165 0
1701618415949 84774.13782 0
1701618415952 84600.41049 0
1701618415955 84498.8316 0
1701618415957 84256.65277 0
1701618415959 84202.61966 0
1701618415961 84079.34671 0
1701618415963 83946.74595 0
1701618415966 83787.71341 0
1701618415969 83602.85604 0
1701618415972 83357.25299 0
1701618415974 83299.5985 0
1701618415977 83164.18138 0
1701618415979 83096.33289 0
1701618415982 82926.67489 0
1701618415985 82811.82156 0
1701618415988 82710.38773 0
1701618415990 82552.02429 0
1701618415993 82378.88325 0
1701618415996 82208.14688 0
1701618415999 81990.03808 0
1701618416003 81805.7462 0
1701618416005 81608.37303 0
1701618416008 81536.04366 0
1701618416010 81479.6854 0
1701618416013 81355.6022 0
1701618416016 81241.51808 0
1701618416019 81196.23009 0
1701618416022 80997.86664 0
1701618416024 80826.04502 0
1701618416027 80575.18077 0
1701618416030 80426.83959 0
1701618416033 80313.26121 0
1701618416036 80188.31433 0
1701618416039 80057.78402 0
1701618416041 79953.60911 0
1701618416043 79802.06487 0
1701618416046 79671.37691 0
1701618416048 79539.39094 0
1701618416051 79384.89028 0
1701618416054 79278.13888 0
1701618416057 79199.55033 0
1701618416059 79015.83299 0
1701618416061 78948.26981 0
1701618416064 78852.36977 0
1701618416067 78741.79329 0
1701618416070 78602.29302 0
1701618416073 78438.44584 0
1701618416075 78225.48791 0
1701618416077 78080.82367 0
1701618416080 77921.65563 0
1701618416082 77776.89573 0
1701618416085 77703.38408 0
1701618416088 77578.19006 0
1701618416090 77440.58716 0
1701618416092 77301.56033 0
1701618416094 77224.44995 0
1701618416096 77105.89183 0
1701618416098 76992.34251 0
1701618416101 76906.42541 0
1701618416104 76750.33613 0
1701618416106 76617.69607 0
1701618416108 76470.40633 0
1701618416110 76342.99718 0
1701618416112 76252.58082 0
1701618416114 76168.66498 0
1701618416116 76035.82437 0
1701618416120 75922.11706 0
1701618416122 75843.51918 0
1701618416124 75746.69278 0
1701618416126 75621.00885 0
1701618416129 75484.84193 0
1701618416131 75325.01415 0
1701618416133 75239.35661 0
1701618416136 75123.3941 0
1701618416138 75019.10508 0
1701618416141 74904.05892 0
1701618416143 74806.4481 0
1701618416145 74661.02994 0
1701618416147 74620.10966 0
1701618416149 74504.79503 0
1701618416152 74443.94084 0
1701618416155 74256.6846 0
1701618416157 74174.17703 0
1701618416159 74080.87282 0
1701618416161 74041.00249 0
1701618416163 73989.31964 0
1701618416165 73894.95241 0
1701618416168 73803.42421 0
1701618416171 73686.99677 0
1701618416174 73577.75542 0
1701618416176 73462.28202 0
1701618416178 73407.12619 0
1701618416180 73289.39785 0
1701618416182 73185.27873 0
1701618416184 73093.33488 0
1701618416187 72914.70644 0
1701618416189 72844.00234 0
1701618416192 72707.55481 0
1701618416194 72595.0976 0
1701618416196 72526.29386 0
1701618416198 72373.55966 0
1701618416200 72249.2632 0
1701618416204 72159.41069 0
1701618416206 72079.34475 0
1701618416208 71988.8578 0
1701618416210 71879.32742 0
1701618416213 71771.92555 0
1701618416215 71666.81255 0
1701618416217 71605.36391 0
1701618416220 71573.12793 0
1701618416222 71448.95524 0
1701618416225 71370.0971 0
1701618416227 71286.08923 0
1701618416229 71219.03551 0
1701618416231 71159.20358 0
1701618416233 71100.79129 0
1701618416236 71008.80097 0
1701618416239 70947.06182 0
1701618416241 70856.57669 0
1701618416243 70738.58046 0
1701618416246 70648.49033 0
1701618416248 70524.14305 0
1701618416250 70444.98187 0
1701618416253 70357.49668 0
1701618416255 70236.9433 0
1701618416257 70064.16469 0
1701618416260 69928.38153 0
1701618416262 69869.76123 0
1701618416264 69833.95995 0
1701618416266 69763.38511 0
1701618416269 69617.25262 0
1701618416272 69519.6308 0
1701618416274 69428.69372 0
1701618416276 69336.8806 0
1701618416278 69246.84409 0
1701618416281 69173.18393 0
1701618416283 69096.29925 0
1701618416286 68976.47328 0
1701618416288 68925.81605 0
1701618416291 68813.18189 0
1701618416293 68725.8786 0
1701618416295 68609.29074 0
1701618416297 68521.28995 0
1701618416299 68455.0847 0
1701618416303 68382.01296 0
1701618416305 68256.51284 0
1701618416307 68226.54866 0
1701618416310 68130.58286 0
1701618416312 68029.24668 0
1701618416314 67943.82912 0
1701618416316 67865.0078 0
1701618416319 67776.35182 0
1701618416322 67673.74924 0
1701618416324 67607.81615 0
1701618416326 67549.85197 0
1701618416329 67501.98897 0
1701618416331 67375.55722 0
1701618416333 67297.8725 0
1701618416336 67211.35648 0
1701618416339 67137.13286 0
1701618416341 67047.87994 0
1701618416343 67004.44783 0
1701618416345 66903.83926 0
1701618416348 66802.80818 0
1701618416350 66694.12925 0
1701618416353 66640.75183 0
1701618416356 66599.2032 0
1701618416358 66567.79342 0
1701618416360 66480.09386 0
1701618416362 66356.99243 0
1701618416365 66247.74748 0
1701618416367 66220.17623 0
1701618416370 66124.64548 0
1701618416373 66053.82784 0
1701618416375 65928.09584 0
1701618416377 65842.05799 0
1701618416379 65736.10713 0
1701618416381 65697.74834 0
1701618416383 65678.34284 0
1701618416387 65603.02719 0
1701618416389 65484.56122 0
1701618416391 65414.25089 0
1701618416393 65364.41338 0
1701618416396 65314.03144 0
1701618416398 65272.13242 0
1701618416401 65149.4286 0
1701618416405 65097.90441 0
1701618416407 65028.50922 0
1701618416409 64969.05519 0
1701618416411 64871.87924 0
1701618416414 64782.16724 0
1701618416416 64722.78148 0
1701618416419 64707.96897 0
1701618416421 64617.09946 0
1701618416423 64510.48249 0
1701618416426 64441.88295 0
1701618416428 64336.59422 0
1701618416430 64240.52657 0
1701618416432 64185.95803 0
1701618416436 64103.21077 0
1701618416440 64018.54788 0
1701618416443 63967.24802 0
1701618416446 63860.62579 0
1701618416448 63786.17506 0
1701618416450 63756.38639 0
1701618416453 63678.43069 0
1701618416456 63646.22804 0
1701618416458 63594.94387 0
1701618416460 63532.62155 0
1701618416462 63450.33231 0
1701618416465 63444.78837 0
1701618416467 63362.32798 0
1701618416470 63259.37315 0
1701618416472 63202.74177 0
1701618416474 63170.30164 0
1701618416476 63093.06889 0
1701618416479 63054.69001 0
1701618416482 62925.95061 0
1701618416484 62858.73978 0
1701618416487 62770.74536 0
1701618416489 62699.29673 0
1701618416491 62591.01576 0
1701618416493 62499.6611 0
1701618416496 62422.52475 0
1701618416498 62392.77116 0
1701618416500 62326.22818 0
1701618416503 62231.37573 0
1701618416506 62117.32692 0
1701618416508 62077.38795 0
1701618416510 62063.93067 0
1701618416512 61989.22454 0
1701618416514 61953.26851 0
1701618416516 61851.60133 0
1701618416520 61758.733 0
1701618416522 61738.20106 0
1701618416524 61638.67916 0
1701618416526 61587.81102 0
1701618416529 61581.14761 0
1701618416531 61574.75412 0
1701618416533 61531.91145 0
1701618416537 61469.14746 0
1701618416539 61446.79528 0
1701618416541 61343.36132 0
1701618416543 61283.53673 0
1701618416546 61202.75182 0
1701618416548 61183.22129 0
1701618416551 61136.16335 0
1701618416554 61091.7905 0
1701618416556 61043.37213 0
1701618416558 60992.90181 0
1701618416560 60953.95161 0
1701618416563 60947.79435 0
1701618416565 60891.20769 0
1701618416567 60839.54158 0
1701618416570 60747.58703 0
1701618416573 60706.3486 0
1701618416575 60639.12754 0
1701618416577 60606.57418 0
1701618416579 60563.83629 0
1701618416581 60515.54828 0
1701618416583 60481.99894 0
1701618416586 60391.33396 0
1701618416589 60331.52898 0
1701618416591 60265.56994 0
1701618416593 60208.62799 0
1701618416595 60149.55001 0
1701618416597 60063.28867 0
1701618416599 59996.14546 0
1701618416602 59957.12339 0
1701618416605 59915.49017 0
1701618416607 59805.9214 0
1701618416609 59797.15596 0
1701618416611 59701.0375 0
1701618416614 59673.5486 0
1701618416616 59615.98239 0
1701618416618 59558.61251 0
1701618416621 59552.8904 0
1701618416623 59475.41255 0
1701618416626 59398.96745 0
1701618416628 59316.03693 0
1701618416630 59310.59566 0
1701618416632 59275.31587 0
1701618416634 59190.48602 0
1701618416638 59112.33525 0
1701618416640 59107.4809 0
1701618416642 59031.25514 0
1701618416644 58941.24921 0
1701618416646 58879.95389 0
1701618416649 58824.31173 0
1701618416652 58820.80652 0
1701618416654 58735.11454 0
1701618416657 58713.81115 0
1701618416659 58649.94608 0
1701618416661 58571.28705 0
1701618416663 58535.31473 0
1701618416665 58485.99863 0
1701618416667 58468.42856 0
1701618416671 58401.57855 0
1701618416673 58347.27948 0
1701618416675 58290.83566 0
1701618416677 58255.69616 0
1701618416679 58209.72389 0
1701618416681 58156.982 0
1701618416683 58074.65091 0
1701618416686 58031.86204 0
1701618416689 58027.4096 0
1701618416691 57952.3897 0
1701618416693 57881.43627 0
1701618416695 57757.48987 0
1701618416698 57711.47591 0
1701618416700 57655.6861 0
1701618416703 57650.48803 0
1701618416705 57574.08478 0
1701618416708 57508.05222 0
1701618416710 57466.5422 0
1701618416712 57410.72895 0
1701618416714 57359.66137 0
1701618416716 57292.48111 0
1701618416720 57189.51325 0
1701618416722 57170.85117 0
1701618416724 57155.74292 0
1701618416726 57120.25887 0
1701618416729 57069.78823 0
1701618416731 57009.97814 0
1701618416734 56935.46594 0
1701618416737 56845.43307 0
1701618416740 56805.92635 0
1701618416743 56794.11042 0
1701618416745 56735.1011 0
1701618416748 56666.95822 0
1701618416751 56657.47597 0
1701618416754 56653.43058 0
1701618416756 56573.04941 0
1701618416759 56525.37654 0
1701618416761 56469.05109 0
1701618416763 56427.9829 0
1701618416766 56406.64255 0
1701618416769 56318.07228 0
1701618416771 56249.99164 0
1701618416774 56171.38155 0
1701618416776 56110.15036 0
1701618416778 56037.75758 0
1701618416780 55963.15256 0
1701618416782 55922.87119 0
1701618416784 55881.99524 0
1701618416787 55833.05761 0
1701618416790 55755.77725 0
1701618416792 55738.08396 0
1701618416794 55690.45993 0
1701618416796 55605.18997 0
1701618416798 55589.0277 0
1701618416801 55553.49576 0
1701618416804 55524.0441 0
1701618416806 55464.27242 0
1701618416808 55386.88834 0
1701618416810 55337.40635 0
1701618416812 55310.88304 0
1701618416814 55263.86577 0
1701618416817 55214.71763 0
1701618416820 55122.47838 0
1701618416822 55044.13468 0
1701618416824 55022.45497 0
1701618416827 54966.89658 0
1701618416829 54889.34123 0
1701618416831 54847.74882 0
1701618416833 54799.65365 0
1701618416836 54748.23611 0
1701618416839 54695.01388 0
1701618416841 54678.22249 0
1701618416843 54593.90428 0
1701618416845 54546.94202 0
1701618416847 54488.25728 0
1701618416850 54475.04688 0
1701618416853 54471.35733 0
1701618416855 54448.89817 0
1701618416857 54375.15907 0
1701618416859 54323.69933 0
1701618416862 54264.11959 0
1701618416864 54197.02713 0
1701618416866 54146.16367 0
1701618416870 54096.11661 0
1701618416872 54043.68838 0
1701618416874 54004.42789 0
1701618416876 53969.34564 0
1701618416878 53921.57339 0
1701618416881 53852.98172 0
1701618416883 53791.06437 0
1701618416886 53753.49839 0
1701618416888 53694.60262 0
1701618416890 53648.04746 0
1701618416892 53590.34442 0
1701618416894 53521.68446 0
1701618416897 53485.50352 0
1701618416899 53431.90555 0
1701618416903 53388.27449 0
1701618416906 53320.48688 0
1701618416908 53245.63265 0
1701618416910 53159.17788 0
1701618416914 53145.91329 0
1701618416916 53081.83937 0
1701618416920 53044.6731 0
1701618416922 53005.41726 0
1701618416925 52940.81832 0
1701618416928 52912.98079 0
1701618416930 52864.6901 0
1701618416932 52819.46255 0
1701618416936 52767.49268 0
1701618416939 52713.49266 0
1701618416941 52659.49672 0
1701618416943 52602.40182 0
1701618416946 52553.94489 0
1701618416948 52528.69391 0
1701618416952 52461.33024 0
1701618416955 52404.78275 0
1701618416957 52325.17967 0
1701618416959 52306.24198 0
1701618416961 52292.08073 0
1701618416964 52222.44129 0
1701618416966 52166.98493 0
1701618416969 52117.79557 0
1701618416971 52074.13401 0
1701618416974 52021.54295 0
1701618416976 51985.9438 0
1701618416978 51914.40142 0
1701618416980 51887.68008 0
1701618416982 51813.92498 0
1701618416985 51729.62488 0
1701618416988 51719.14272 0
1701618416990 51672.64447 0
1701618416992 51638.04911 0
1701618416994 51586.53558 0
1701618416996 51571.5274 0
1701618416998 51530.92096 0
1701618417001 51471.84594 0
1701618417004 51405.5951 0
1701618417006 51379.74621 0
1701618417008 51342.17494 0
1701618417010 51305.21876 0
1701618417013 51238.02602 0
1701618417015 51168.90311 0
1701618417017 51088.15288 0
1701618417020 51074.91127 0
1701618417022 51021.04323 0
1701618417024 51003.54255 0
1701618417026 50966.55265 0
1701618417029 50922.1111 0
1701618417031 50869.68754 0
1701618417033 50831.15288 0
1701618417037 50782.68377 0
1701618417040 50754.53065 0
1701618417042 50705.04354 0
1701618417044 50651.50834 0
1701618417046 50621.94792 0
1701618417048 50593.18675 0
1701618417052 50564.60977 0
1701618417054 50496.94205 0
1701618417056 50406.01754 0
1701618417059 50362.24202 0
1701618417061 50312.26694 0
1701618417063 50255.93365 0
1701618417065 50214.23863 0
1701618417068 50182.46484 0
1701618417071 50125.45902 0
1701618417073 50082.29909 0
1701618417075 50076.45618 0
1701618417078 50035.50641 0
1701618417080 49998.64538 0
1701618417083 49962.70219 0
1701618417086 49919.35266 0
1701618417088 49864.3803 0
1701618417090 49797.79477 0
1701618417092 49777.52548 0
1701618417094 49710.82674 0
1701618417097 49666.04282 0
1701618417099 49655.34797 0
1701618417102 49589.7812 0
1701618417105 49543.18161 0
1701618417107 49507.76629 0
1701618417109 49464.34911 0
1701618417111 49430.5573 0
1701618417114 49389.84056 0
1701618417116 49341.92037 0
1701618417119 49290.3367 0
1701618417121 49258.03254 0
1701618417123 49238.70442 0
1701618417126 49200.07006 0
1701618417128 49160.30756 0
1701618417130 49113.89938 0
1701618417132 49063.62828 0
1701618417135 49032.45822 0
1701618417138 48952.81358 0
1701618417140 48918.30919 0
1701618417143 48872.00734 0
1701618417146 48848.4399 0
1701618417148 48801.32729 0
1701618417151 48739.99685 0
1701618417153 48715.97159 0
1701618417155 48666.43169 0
1701618417157 48639.08071 0
1701618417160 48592.09927 0
1701618417162 48499.27979 0
1701618417164 48452.18511 0
1701618417167 48412.20117 0
1701618417170 48390.56579 0
1701618417172 48363.20906 0
1701618417174 48294.15025 0
1701618417177 48249.62876 0
1701618417179 48195.35198 0
1701618417181 48140.45678 0
1701618417183 48084.90252 0
1701618417186 48046.16387 0
1701618417188 47987.1537 0
1701618417190 47952.59757 0
1701618417192 47909.61012 0
1701618417194 47885.72215 0
1701618417197 47838.80689 0
1701618417199 47776.30717 0
1701618417202 47745.49017 0
1701618417205 47714.64972 0
1701618417207 47682.26812 0
1701618417209 47674.70559 0
1701618417211 47637.29282 0
1701618417214 47584.54726 0
1701618417216 47548.30083 0
1701618417219 47502.79253 0
1701618417222 47469.33664 0
1701618417224 47431.74224 0
1701618417226 47382.48509 0
1701618417228 47344.94461 0
1701618417230 47296.97703 0
1701618417233 47288.38874 0
1701618417236 47253.85046 0
1701618417238 47206.56575 0
1701618417240 47146.20532 0
1701618417242 47113.16228 0
1701618417246 47041.11162 0
1701618417250 47015.8342 0
1701618417254 46993.9131 0
1701618417258 46927.94688 0
1701618417261 46871.67408 0
1701618417264 46811.77959 0
1701618417269 46738.02132 0
1701618417272 46729.62819 0
1701618417276 46675.75619 0
1701618417279 46638.31314 0
1701618417282 46609.6909 0
1701618417286 46582.95811 0
1701618417289 46549.10829 0
1701618417291 46504.11978 0
1701618417293 46466.83904 0
1701618417295 46429.59896 0
1701618417298 46382.14809 0
1701618417301 46368.54782 0
1701618417303 46318.26372 0
1701618417306 46268.61399 0
1701618417308 46220.99898 0
1701618417310 46191.64864 0
1701618417312 46153.92341 0
1701618417314 46127.94176 0
1701618417318 46081.22169 0
1701618417320 46044.72376 0
1701618417323 46001.42325 0
1701618417325 45957.01713 0
1701618417327 45935.00188 0
1701618417329 45858.01295 0
1701618417331 45801.79191 0
1701618417335 45785.07897 0
1701618417337 45744.02689 0
1701618417339 45711.3235 0
1701618417342 45682.67877 0
1701618417344 45624.02421 0
1701618417346 45584.89586 0
1701618417348 45559.33332 0
1701618417352 45528.51942 0
1701618417354 45498.13152 0
1701618417356 45479.08635 0
1701618417358 45423.62748 0
1701618417361 45344.31855 0
1701618417363 45295.15697 0
1701618417365 45285.78067 0
1701618417368 45238.93239 0
1701618417371 45199.60191 0
1701618417374 45130.34837 0
1701618417376 45072.69804 0
1701618417378 45040.10346 0
1701618417381 45002.83821 0
1701618417385 44964.93065 0
1701618417388 44934.44081 0
1701618417390 44900.1472 0
1701618417392 44860.38265 0
1701618417395 44803.95401 0
1701618417397 44770.75488 0
1701618417400 44756.52566 0
1701618417404 44719.6752 0
1701618417406 44702.22615 0
1701618417409 44660.76991 0
1701618417411 44631.65991 0
1701618417414 44602.39264 0
1701618417416 44553.60073 0
1701618417420 44501.39592 0
1701618417422 44471.44779 0
1701618417424 44441.97368 0
1701618417426 44400.34037 0
1701618417428 44373.74829 0
1701618417430 44336.4431 0
1701618417433 44307.47504 0
1701618417437 44263.32821 0
1701618417441 44229.23751 0
1701618417444 44195.08611 0
1701618417447 44173.94551 0
1701618417450 44124.3054 0
1701618417454 44100.02522 0
1701618417456 44048.86586 0
1701618417459 44017.72256 0
1701618417462 43969.01028 0
1701618417464 43942.51334 0
1701618417468 43904.77279 0
1701618417471 43893.00478 0
1701618417473 43861.24075 0
1701618417476 43826.83049 0
1701618417478 43788.22336 0
1701618417481 43755.27931 0
1701618417485 43711.01642 0
1701618417488 43695.65789 0
1701618417491 43668.75256 0
1701618417494 43634.29492 0
1701618417496 43596.79416 0
1701618417498 43546.71851 0
1701618417502 43527.78079 0
1701618417506 43488.50003 0
1701618417510 43442.42937 0
1701618417514 43402.44865 0
1701618417518 43357.13951 0
1701618417523 43327.52896 0
1701618417525 43294.8139 0
1701618417527 43255.51675 0
1701618417530 43228.97245 0
1701618417532 43192.05885 0
1701618417536 43174.88615 0
1701618417538 43153.88346 0
1701618417541 43139.66118 0
1701618417543 43085.22735 0
1701618417545 43041.71886 0
1701618417547 43006.5363 0
1701618417549 42961.83228 0
1701618417552 42909.71104 0
1701618417555 42882.18224 0
1701618417557 42835.69331 0
1701618417559 42774.42729 0
1701618417561 42730.40806 0
1701618417564 42691.27684 0
1701618417568 42663.05281 0
1701618417570 42636.11789 0
1701618417572 42607.53853 0
1701618417574 42574.8076 0
1701618417576 42522.77951 0
1701618417579 42484.72564 0
1701618417581 42446.01381 0
1701618417584 42404.14873 0
1701618417587 42350.45378 0
1701618417589 42291.6001 0
1701618417591 42240.84219 0
1701618417593 42232.95053 0
1701618417595 42196.43414 0
1701618417598 42171.43589 0
1701618417601 42131.10121 0
1701618417603 42095.02896 0
1701618417605 42088.82724 0
1701618417608 42067.92602 0
1701618417610 42037.12204 0
1701618417612 41992.55287 0
1701618417614 41965.50039 0
1701618417618 41932.64811 0
1701618417620 41909.70665 0
1701618417622 41869.47341 0
1701618417624 41828.41812 0
1701618417626 41803.29787 0
1701618417629 41769.6326 0
1701618417631 41749.7281 0
1701618417634 41708.88134 0
1701618417637 41669.81001 0
1701618417639 41645.97229 0
1701618417642 41620.07619 0
1701618417644 41573.21283 0
1701618417646 41536.74459 0
1701618417648 41502.22657 0
1701618417651 41472.23262 0
1701618417654 41452.04551 0
1701618417656 41408.81789 0
1701618417658 41381.15013 0
1701618417661 41344.34299 0
1701618417663 41317.78053 0
1701618417666 41284.47835 0
1701618417668 41267.82758 0
1701618417671 41239.29053 0
1701618417673 41201.45762 0
1701618417675 41152.91587 0
1701618417677 41126.52932 0
1701618417679 41082.09191 0
1701618417681 41053.26094 0
1701618417684 41021.40999 0
1701618417686 40986.35463 0
1701618417689 40927.95106 0
1701618417691 40875.94015 0
1701618417693 40851.3583 0
1701618417695 40835.19954 0
1701618417697 40787.43911 0
1701618417700 40772.48714 0
1701618417703 40728.38933 0
1701618417705 40701.12087 0
1701618417707 40680.90145 0
1701618417710 40662.55276 0
1701618417712 40631.74543 0
1701618417715 40601.30004 0
1701618417718 40556.73084 0
1701618417720 40529.75792 0
1701618417722 40502.5355 0
1701618417724 40471.91509 0
1701618417726 40450.81789 0
1701618417729 40427.04186 0
1701618417731 40394.53257 0
1701618417734 40355.08115 0
1701618417736 40317.20958 0
1701618417739 40294.24286 0
1701618417741 40246.41341 0
1701618417743 40229.29409 0
1701618417746 40179.35115 0
1701618417748 40147.42464 0
1701618417751 40119.06517 0
1701618417753 40102.90844 0
1701618417755 40069.70076 0
1701618417757 40047.66922 0
1701618417759 40015.94086 0
1701618417762 40010.11354 0
1701618417764 39973.01833 0
1701618417767 39940.38474 0
1701618417770 39915.26513 0
1701618417772 39888.53398 0
1701618417774 39836.06467 0
1701618417776 39787.65556 0
1701618417779 39743.24459 0
1701618417781 39720.5951 0
1701618417784 39700.71671 0
1701618417786 39642.5305 0
1701618417788 39604.08411 0
1701618417790 39571.45786 0
1701618417793 39555.24499 0
1701618417795 39537.48514 0
1701618417797 39522.70762 0
1701618417800 39508.16646 0
1701618417803 39464.33646 0
1701618417805 39433.18923 0
1701618417807 39416.84824 0
1701618417809 39397.99992 0
1701618417811 39362.42945 0
1701618417814 39316.68053 0
1701618417817 39290.16861 0
1701618417819 39256.59155 0
1701618417822 39216.54993 0
1701618417824 39190.47218 0
1701618417826 39170.35278 0
1701618417828 39149.14084 0
1701618417830 39119.56284 0
1701618417834 39078.89384 0
1701618417836 39035.71468 0
1701618417839 39018.60996 0
1701618417842 38988.32489 0
1701618417844 38975.12033 0
1701618417847 38938.47878 0
1701618417850 38878.18852 0
1701618417852 38849.23951 0
1701618417855 38826.78186 0
1701618417857 38797.33472 0
1701618417859 38780.79123 0
1701618417861 38759.79422 0
1701618417864 38738.13061 0
1701618417867 38709.66491 0
